1.00001 1.00002 0.999977 2 
0.999985 0.99997 1.00003 2 
1.00005 1.0001 0.999903 2 
0.999945 0.999889 1.00011 2 
1.00007 1.00014 0.999861 2 
1.00019 1.00037 0.999628 2 
1.00019 1.00038 0.999625 2 
0.999795 0.99959 1.00041 2 
0.999795 0.99959 1.00041 2 
0.999787 0.999575 1.00043 2 
1.00022 1.00044 0.999555 2 
0.999737 0.999473 1.00053 2 
1.00027 1.00054 0.999461 2 
1.00028 1.00055 0.999447 2 
1.00033 1.00066 0.999337 2 
1.00033 1.00067 0.999332 2 
1.00035 1.00069 0.999305 2 
0.999636 0.999272 1.00073 2 
1.00039 1.00077 0.999227 2 
0.999607 0.999214 1.00079 2 
1.00041 1.00081 0.99919 2 
1.00042 1.00083 0.99917 2 
1.00042 1.00084 0.999157 2 
0.999578 0.999156 1.00084 2 
0.999563 0.999127 1.00087 2 
0.999526 0.999052 1.00095 2 
1.00054 1.00107 0.998927 2 
1.00058 1.00116 0.99884 2 
0.999408 0.998816 1.00119 2 
0.999402 0.998805 1.0012 2 
1.0006 1.00121 0.998793 2 
0.999388 0.998776 1.00122 2 
0.999344 0.998689 1.00131 2 
0.999301 0.998602 1.0014 2 
0.999261 0.998523 1.00148 2 
0.999261 0.998523 1.00148 2 
0.999246 0.998493 1.00151 2 
1.00077 1.00154 0.99846 2 
0.999228 0.998456 1.00155 2 
1.0008 1.0016 0.998402 2 
1.0008 1.0016 0.9984 2 
1.00081 1.00162 0.998381 2 
1.00083 1.00165 0.998348 2 
0.999164 0.99833 1.00167 2 
0.999152 0.998304 1.0017 2 
1.00088 1.00176 0.998241 2 
0.999112 0.998224 1.00178 2 
0.999099 0.998199 1.0018 2 
1.00092 1.00185 0.998154 2 
1.00093 1.00186 0.998137 2 
1.00094 1.00188 0.998123 2 
0.999031 0.998062 1.00194 2 

0.999995 0.99999 1.00001 2 
0.999947 0.999894 1.00011 2 
1.00012 1.00025 0.999752 2 
0.999847 0.999694 1.00031 2 
0.999821 0.999642 1.00036 2 
0.999761 0.999521 1.00048 2 
0.999745 0.999491 1.00051 2 
0.999731 0.999462 1.00054 2 
1.00029 1.00058 0.999423 2 
1.0003 1.0006 0.999397 2 
0.99969 0.999379 1.00062 2 
0.999675 0.999351 1.00065 2 
1.00033 1.00066 0.999339 2 
1.00038 1.00076 0.999236 2 
0.999611 0.999222 1.00078 2 
1.00039 1.00079 0.999214 2 
0.999602 0.999205 1.0008 2 
0.999584 0.999169 1.00083 2 
0.999574 0.999147 1.00085 2 
0.999544 0.999087 1.00091 2 
1.00052 1.00104 0.998957 2 
0.999398 0.998797 1.0012 2 
1.00066 1.00133 0.998672 2 
1.0007 1.0014 0.998603 2 
1.00071 1.00142 0.998586 2 
0.999264 0.998528 1.00147 2 
1.00074 1.00147 0.998527 2 
0.999224 0.998448 1.00155 2 
1.00078 1.00155 0.998447 2 
1.00078 1.00155 0.998447 2 
0.999213 0.998426 1.00158 2 
0.99921 0.998422 1.00158 2 
1.00079 1.00158 0.99842 2 
0.999162 0.998324 1.00168 2 
0.99915 0.998301 1.0017 2 
0.999124 0.998249 1.00175 2 
0.99911 0.998221 1.00178 2 
0.999089 0.99818 1.00182 2 
1.00094 1.00188 0.998119 2 
1.00094 1.00189 0.998114 2 
0.999036 0.998073 1.00193 2 
1.00099 1.00197 0.998027 2 
1.00099 1.00199 0.998012 2 
0.998979 0.99796 1.00204 2 
0.998949 0.997899 1.0021 2 
1.00105 1.0021 0.997897 2 
0.998929 0.997859 1.00214 2 
1.00113 1.00227 0.997737 2 
1.00114 1.00229 0.997712 2 
0.998741 0.997484 1.00252 2 
1.00126 1.00252 0.997483 2 
0.99874 0.997481 1.00252 2 

1.00001 1.00002 0.999977 2 
0.999987 0.999973 1.00003 2 
0.999977 0.999953 1.00005 2 
1.00004 1.00007 0.999928 2 
0.999933 0.999867 1.00013 2 
1.00011 1.00022 0.999784 2 
0.999891 0.999783 1.00022 2 
1.00014 1.00028 0.999721 2 
1.00014 1.00029 0.999714 2 
0.999848 0.999695 1.0003 2 
0.999815 0.999629 1.00037 2 
1.00019 1.00039 0.999611 2 
1.00021 1.00042 0.999578 2 
1.00022 1.00044 0.999559 2 
1.00022 1.00045 0.999554 2 
0.999762 0.999525 1.00048 2 
0.999751 0.999501 1.0005 2 
1.00025 1.00051 0.999492 2 
1.00026 1.00051 0.99949 2 
0.999723 0.999445 1.00055 2 
0.999721 0.999442 1.00056 2 
0.999715 0.99943 1.00057 2 
1.00029 1.00058 0.999425 2 
1.00029 1.00058 0.999424 2 
1.00032 1.00064 0.999358 2 
1.00037 1.00074 0.99926 2 
0.999616 0.999231 1.00077 2 
0.999611 0.999221 1.00078 2 
0.999585 0.99917 1.00083 2 
1.00042 1.00084 0.999159 2 
0.999564 0.999128 1.00087 2 
1.00048 1.00096 0.999038 2 
1.00048 1.00097 0.999034 2 
0.999487 0.998974 1.00103 2 
0.999444 0.998889 1.00111 2 
0.999403 0.998807 1.00119 2 
0.999373 0.998747 1.00125 2 
1.00064 1.00129 0.998714 2 
0.999332 0.998665 1.00134 2 
1.00071 1.00141 0.998588 2 
0.99929 0.99858 1.00142 2 
0.99928 0.99856 1.00144 2 
0.999251 0.998502 1.0015 2 
1.00075 1.0015 0.9985 2 
0.999223 0.998446 1.00156 2 
1.00078 1.00156 0.99844 2 
0.999218 0.998436 1.00157 2 
1.00082 1.00163 0.998367 2 
1.00082 1.00164 0.998357 2 
1.00082 1.00165 0.998356 2 
1.00083 1.00166 0.99834 2 
1.00084 1.00168 0.99832 2 

1.00001 1.00002 0.999975 2 
0.999944 0.999888 1.00011 2 
0.999935 0.999871 1.00013 2 
0.999852 0.999705 1.0003 2 
0.999841 0.999681 1.00032 2 
1.00017 1.00034 0.999658 2 
1.00018 1.00036 0.999641 2 
0.999816 0.999632 1.00037 2 
0.999751 0.999502 1.0005 2 
0.99975 0.9995 1.0005 2 
0.999747 0.999493 1.00051 2 
1.00026 1.00052 0.999481 2 
1.00027 1.00053 0.999465 2 
0.999716 0.999433 1.00057 2 
0.999694 0.999388 1.00061 2 
0.999687 0.999375 1.00063 2 
0.999675 0.999351 1.00065 2 
0.999664 0.999328 1.00067 2 
1.00034 1.00069 0.999312 2 
1.00035 1.00071 0.999292 2 
0.999642 0.999284 1.00072 2 
0.999637 0.999274 1.00073 2 
1.0004 1.00081 0.999191 2 
1.00044 1.00087 0.999129 2 
1.00046 1.00092 0.999079 2 
0.999518 0.999036 1.00096 2 
1.00049 1.00097 0.99903 2 
1.00049 1.00098 0.999024 2 
1.00051 1.00101 0.99899 2 
0.999481 0.998963 1.00104 2 
0.99947 0.99894 1.00106 2 
0.999459 0.998918 1.00108 2 
0.999452 0.998905 1.0011 2 
0.999438 0.998876 1.00112 2 
1.00057 1.00113 0.998868 2 
1.00057 1.00114 0.998865 2 
0.999432 0.998864 1.00114 2 
1.00059 1.00117 0.998827 2 
1.00064 1.00128 0.998722 2 
1.00066 1.00133 0.998674 2 
0.999324 0.998649 1.00135 2 
0.999297 0.998594 1.00141 2 
1.00072 1.00144 0.998561 2 
0.999271 0.998543 1.00146 2 
1.00074 1.00149 0.998511 2 
0.999234 0.998469 1.00153 2 
0.999234 0.998468 1.00153 2 
1.00077 1.00155 0.998452 2 
0.9992 0.998401 1.0016 2 
0.999199 0.998399 1.0016 2 
0.999193 0.998387 1.00161 2 
1.00081 1.00163 0.998375 2 

0.999995 0.999989 1.00001 2 
1.00002 1.00004 0.999957 2 
1.00006 1.00013 0.999872 2 
1.00009 1.00019 0.999814 2 
1.0001 1.0002 0.999803 2 
0.999872 0.999743 1.00026 2 
1.00014 1.00029 0.999711 2 
0.999812 0.999624 1.00038 2 
1.00019 1.00039 0.999614 2 
0.99977 0.99954 1.00046 2 
1.00023 1.00047 0.999533 2 
0.999743 0.999487 1.00051 2 
0.999734 0.999467 1.00053 2 
1.00028 1.00057 0.999431 2 
0.999711 0.999421 1.00058 2 
0.999707 0.999415 1.00059 2 
0.999647 0.999293 1.00071 2 
1.00037 1.00075 0.999255 2 
1.0004 1.0008 0.999197 2 
0.999574 0.999149 1.00085 2 
0.999562 0.999125 1.00088 2 
1.00049 1.00099 0.999012 2 
0.999472 0.998944 1.00106 2 
0.999469 0.998939 1.00106 2 
0.999444 0.998889 1.00111 2 
0.999441 0.998883 1.00112 2 
0.999426 0.998852 1.00115 2 
1.00058 1.00116 0.998837 2 
0.999387 0.998775 1.00123 2 
1.00072 1.00144 0.998564 2 
1.00072 1.00145 0.998555 2 
1.00073 1.00146 0.998538 2 
0.999268 0.998536 1.00147 2 
1.00073 1.00147 0.998533 2 
0.999225 0.998451 1.00155 2 
1.00078 1.00157 0.998431 2 
0.999208 0.998417 1.00158 2 
1.0008 1.00161 0.998395 2 
1.00081 1.00162 0.998385 2 
0.999164 0.998328 1.00167 2 
1.00085 1.0017 0.998303 2 
1.00091 1.00183 0.998173 2 
0.999078 0.998157 1.00185 2 
1.00094 1.00188 0.998118 2 
1.00095 1.00191 0.998094 2 
1.00096 1.00191 0.99809 2 
0.998982 0.997966 1.00204 2 
1.00107 1.00214 0.997857 2 
0.998927 0.997854 1.00215 2 
0.998915 0.997831 1.00217 2 
1.0011 1.00221 0.997792 2 
0.998864 0.997729 1.00227 2 

1.00001 1.00001 0.99999 2 
1.00005 1.0001 0.999903 2 
0.999929 0.999858 1.00014 2 
1.00008 1.00016 0.999835 2 
1.00009 1.00017 0.999827 2 
0.999912 0.999823 1.00018 2 
1.00011 1.00022 0.999777 2 
0.999885 0.999771 1.00023 2 
0.999873 0.999746 1.00025 2 
0.999858 0.999717 1.00028 2 
0.999846 0.999692 1.00031 2 
0.999837 0.999674 1.00033 2 
1.00026 1.00052 0.99948 2 
1.00026 1.00052 0.999476 2 
0.999704 0.999409 1.00059 2 
0.999651 0.999302 1.0007 2 
1.00037 1.00075 0.999252 2 
1.00038 1.00075 0.999246 2 
1.00039 1.00078 0.999216 2 
0.999592 0.999183 1.00082 2 
1.00045 1.00091 0.999091 2 
0.999531 0.999062 1.00094 2 
0.999495 0.998991 1.00101 2 
0.999451 0.998903 1.0011 2 
1.00058 1.00116 0.998837 2 
1.0006 1.0012 0.998799 2 
1.00061 1.00121 0.998789 2 
1.00064 1.00128 0.998722 2 
1.00065 1.00129 0.99871 2 
0.999346 0.998693 1.00131 2 
0.999337 0.998673 1.00133 2 
0.99931 0.99862 1.00138 2 
0.999258 0.998517 1.00148 2 
1.00075 1.0015 0.998497 2 
0.999234 0.998468 1.00153 2 
1.00077 1.00155 0.998451 2 
0.999178 0.998357 1.00164 2 
1.00083 1.00165 0.998349 2 
0.999156 0.998312 1.00169 2 
0.99914 0.998281 1.00172 2 
1.00086 1.00172 0.998277 2 
0.999127 0.998254 1.00175 2 
1.00089 1.00178 0.998223 2 
1.00089 1.00178 0.998219 2 
1.0009 1.0018 0.998203 2 
1.00097 1.00194 0.998063 2 
1.00098 1.00196 0.998045 2 
0.998997 0.997995 1.00201 2 
1.00101 1.00203 0.997975 2 
1.00103 1.00205 0.997951 2 
1.00104 1.00208 0.997918 2 
1.00105 1.0021 0.9979 2 

0.999955 0.99991 1.00009 2 
1.00005 1.00011 0.999892 2 
0.999944 0.999888 1.00011 2 
1.00007 1.00014 0.999857 2 
1.00009 1.00017 0.999826 2 
1.0001 1.0002 0.999799 2 
0.999873 0.999747 1.00025 2 
1.00013 1.00025 0.999746 2 
0.999865 0.99973 1.00027 2 
1.00015 1.0003 0.999705 2 
1.00015 1.00031 0.999693 2 
1.00018 1.00036 0.999638 2 
1.00022 1.00043 0.999569 2 
0.999722 0.999444 1.00056 2 
1.00031 1.00062 0.999378 2 
0.999688 0.999375 1.00062 2 
0.999683 0.999365 1.00063 2 
0.999658 0.999315 1.00068 2 
1.00035 1.0007 0.999297 2 
0.999638 0.999277 1.00072 2 
1.00039 1.00078 0.999219 2 
1.0004 1.0008 0.999199 2 
1.00041 1.00081 0.999186 2 
0.999548 0.999096 1.0009 2 
0.999547 0.999095 1.00091 2 
0.999512 0.999025 1.00098 2 
0.999504 0.999008 1.00099 2 
1.0005 1.00101 0.998992 2 
0.999483 0.998967 1.00103 2 
1.00054 1.00108 0.998923 2 
1.00058 1.00116 0.998841 2 
0.999376 0.998753 1.00125 2 
0.999344 0.998689 1.00131 2 
0.999342 0.998684 1.00132 2 
0.999331 0.998663 1.00134 2 
0.999322 0.998645 1.00136 2 
0.999314 0.998628 1.00137 2 
0.999306 0.998613 1.00139 2 
1.0007 1.0014 0.998599 2 
1.00072 1.00144 0.998562 2 
0.999276 0.998553 1.00145 2 
1.00074 1.00147 0.998527 2 
1.00074 1.00148 0.998522 2 
0.999232 0.998464 1.00154 2 
0.999225 0.99845 1.00155 2 
0.999201 0.998402 1.0016 2 
1.0008 1.0016 0.998399 2 
0.999193 0.998387 1.00161 2 
0.999168 0.998336 1.00167 2 
0.999164 0.998329 1.00167 2 
1.00086 1.00172 0.998281 2 
0.99914 0.99828 1.00172 2 

1 1 0.999997 2 
1.00001 1.00001 0.999988 2 
1.00001 1.00003 0.999971 2 
1.00002 1.00004 0.999963 2 
0.999927 0.999854 1.00015 2 
1.00008 1.00017 0.999832 2 
1.00013 1.00026 0.999739 2 
0.999858 0.999716 1.00028 2 
0.999842 0.999684 1.00032 2 
0.999835 0.999671 1.00033 2 
1.00017 1.00034 0.999659 2 
1.00019 1.00038 0.999622 2 
1.00019 1.00038 0.999619 2 
0.999801 0.999602 1.0004 2 
0.999798 0.999595 1.0004 2 
1.00022 1.00043 0.999565 2 
0.999757 0.999515 1.00049 2 
0.999734 0.999469 1.00053 2 
0.999733 0.999467 1.00053 2 
1.00027 1.00054 0.999463 2 
0.999695 0.999389 1.00061 2 
0.999682 0.999365 1.00064 2 
0.999678 0.999355 1.00064 2 
0.999675 0.99935 1.00065 2 
1.00034 1.00068 0.999324 2 
1.00034 1.00069 0.99931 2 
1.00035 1.0007 0.9993 2 
1.00035 1.0007 0.999298 2 
1.00037 1.00074 0.999263 2 
1.0004 1.00079 0.999206 2 
0.999594 0.999189 1.00081 2 
0.999573 0.999147 1.00085 2 
1.00044 1.00087 0.999128 2 
1.00046 1.00091 0.999088 2 
0.999541 0.999083 1.00092 2 
0.999525 0.99905 1.00095 2 
1.00048 1.00096 0.999041 2 
0.999507 0.999014 1.00099 2 
1.00052 1.00104 0.99896 2 
0.999471 0.998943 1.00106 2 
0.999459 0.998918 1.00108 2 
0.999433 0.998866 1.00113 2 
1.0006 1.00119 0.99881 2 
1.0006 1.00121 0.998795 2 
0.999374 0.998748 1.00125 2 
1.00066 1.00132 0.998683 2 
0.999287 0.998575 1.00143 2 
0.999246 0.998492 1.00151 2 
1.00076 1.00153 0.998472 2 
0.999217 0.998434 1.00157 2 
0.999213 0.998426 1.00158 2 
0.999188 0.998377 1.00162 2 

1.00002 1.00004 0.999958 2 
1.00004 1.00007 0.999927 2 
0.999955 0.999909 1.00009 2 
1.00008 1.00016 0.999837 2 
0.999919 0.999837 1.00016 2 
1.00009 1.00018 0.999815 2 
1.00009 1.00019 0.999814 2 
0.999892 0.999785 1.00022 2 
0.999841 0.999682 1.00032 2 
0.99982 0.999639 1.00036 2 
1.0002 1.0004 0.999604 2 
0.999796 0.999591 1.00041 2 
1.00022 1.00044 0.999563 2 
0.999764 0.999529 1.00047 2 
0.999758 0.999516 1.00048 2 
1.00025 1.0005 0.9995 2 
0.999735 0.999471 1.00053 2 
1.00027 1.00053 0.999466 2 
1.00028 1.00055 0.999446 2 
1.00028 1.00057 0.999433 2 
1.0003 1.0006 0.999397 2 
1.0003 1.0006 0.999397 2 
0.99966 0.99932 1.00068 2 
0.999643 0.999287 1.00071 2 
1.00037 1.00075 0.999255 2 
0.999577 0.999153 1.00085 2 
1.00043 1.00085 0.999149 2 
1.00046 1.00092 0.999079 2 
0.999527 0.999055 1.00095 2 
0.999498 0.998996 1.001 2 
0.999483 0.998966 1.00104 2 
1.00052 1.00105 0.998955 2 
1.00056 1.00113 0.998872 2 
0.999402 0.998805 1.0012 2 
1.0006 1.0012 0.998798 2 
0.999398 0.998796 1.0012 2 
1.00063 1.00126 0.998744 2 
1.00064 1.00128 0.998718 2 
1.00064 1.00129 0.998711 2 
1.00066 1.00132 0.998685 2 
1.00066 1.00132 0.998677 2 
0.999335 0.99867 1.00133 2 
1.00068 1.00136 0.998638 2 
1.00072 1.00145 0.998554 2 
0.999266 0.998532 1.00147 2 
0.999257 0.998514 1.00149 2 
0.999231 0.998462 1.00154 2 
0.999197 0.998396 1.00161 2 
0.999175 0.99835 1.00165 2 
0.999171 0.998344 1.00166 2 
0.999153 0.998306 1.0017 2 
1.00088 1.00176 0.998246 2 

0.999989 0.999977 1.00002 2 
1.00003 1.00007 0.999934 2 
0.999953 0.999906 1.00009 2 
0.999924 0.999849 1.00015 2 
1.00008 1.00015 0.999848 2 
1.00011 1.00021 0.999789 2 
0.999891 0.999782 1.00022 2 
0.999849 0.999699 1.0003 2 
0.999811 0.999621 1.00038 2 
0.999803 0.999607 1.00039 2 
1.00021 1.00041 0.999588 2 
1.00021 1.00042 0.999581 2 
1.00026 1.00053 0.999474 2 
1.00027 1.00054 0.999456 2 
1.00032 1.00065 0.999351 2 
1.00033 1.00067 0.999333 2 
1.00038 1.00075 0.999249 2 
0.999594 0.999187 1.00081 2 
0.999575 0.999151 1.00085 2 
0.999548 0.999097 1.0009 2 
0.999448 0.998897 1.0011 2 
0.999438 0.998875 1.00113 2 
1.0006 1.0012 0.998804 2 
0.999401 0.998802 1.0012 2 
1.00061 1.00122 0.998786 2 
0.999392 0.998785 1.00122 2 
1.00063 1.00125 0.998746 2 
0.999319 0.998639 1.00136 2 
0.999308 0.998617 1.00138 2 
1.00069 1.00139 0.998614 2 
0.999302 0.998605 1.0014 2 
1.00073 1.00146 0.998544 2 
1.00075 1.00151 0.998494 2 
1.00077 1.00155 0.998453 2 
1.0008 1.0016 0.998403 2 
0.999199 0.998398 1.0016 2 
0.999197 0.998395 1.00161 2 
0.999196 0.998392 1.00161 2 
0.99918 0.99836 1.00164 2 
1.00085 1.0017 0.998299 2 
1.00086 1.00171 0.99829 2 
1.00086 1.00172 0.998279 2 
1.00087 1.00174 0.998266 2 
0.999123 0.998247 1.00175 2 
1.00088 1.00175 0.998247 2 
1.0009 1.0018 0.998206 2 
0.999083 0.998168 1.00183 2 
1.00096 1.00192 0.998081 2 
0.998957 0.997916 1.00209 2 
1.00104 1.00209 0.997915 2 
0.998955 0.997912 1.00209 2 
0.998953 0.997906 1.0021 2 

0.895318 0.801595 1.22032 2.02192 
-0.557268 0.310548 6.53962 6.85017 
-0.717017 0.514113 7.38218 7.89629 
2.96304 8.77962 0.92745 9.70707 
3.11046 9.67498 1.23313 10.9081 
-2.79946 7.83699 23.0348 30.8718 
-3.63426 13.2079 31.7449 44.9528 
-3.99467 15.9574 35.9361 51.8935 

2.71579 7.37553 0.51236 7.88789 
2.96304 8.77962 0.92745 9.70707 
-1.0203 1.04102 9.12222 10.1632 
5.4853 30.0885 12.1473 42.2358 

1.00001 1.00002 0.999977 2 
0.999985 0.99997 1.00003 2 
1.00005 1.0001 0.999903 2 
0.999945 0.999889 1.00011 2 
1.00007 1.00014 0.999861 2 
1.00019 1.00037 0.999628 2 
1.00019 1.00038 0.999625 2 
0.999795 0.99959 1.00041 2 
0.999795 0.99959 1.00041 2 
0.999787 0.999575 1.00043 2 
1.00022 1.00044 0.999555 2 
0.999737 0.999473 1.00053 2 
1.00027 1.00054 0.999461 2 
1.00028 1.00055 0.999447 2 
1.00033 1.00066 0.999337 2 
1.00033 1.00067 0.999332 2 
1.00035 1.00069 0.999305 2 
0.999636 0.999272 1.00073 2 
1.00039 1.00077 0.999227 2 
0.999607 0.999214 1.00079 2 
1.00041 1.00081 0.99919 2 
1.00042 1.00083 0.99917 2 
1.00042 1.00084 0.999157 2 
0.999578 0.999156 1.00084 2 
0.999563 0.999127 1.00087 2 
0.999526 0.999052 1.00095 2 
1.00054 1.00107 0.998927 2 
1.00058 1.00116 0.99884 2 
0.999408 0.998816 1.00119 2 
0.999402 0.998805 1.0012 2 
1.0006 1.00121 0.998793 2 
0.999388 0.998776 1.00122 2 
0.999344 0.998689 1.00131 2 
0.999301 0.998602 1.0014 2 
0.999261 0.998523 1.00148 2 
0.999261 0.998523 1.00148 2 
0.999246 0.998493 1.00151 2 
1.00077 1.00154 0.99846 2 
0.999228 0.998456 1.00155 2 
1.0008 1.0016 0.998402 2 
1.0008 1.0016 0.9984 2 
1.00081 1.00162 0.998381 2 
1.00083 1.00165 0.998348 2 
0.999164 0.99833 1.00167 2 
0.999152 0.998304 1.0017 2 
1.00088 1.00176 0.998241 2 
0.999112 0.998224 1.00178 2 
0.999099 0.998199 1.0018 2 
1.00092 1.00185 0.998154 2 
1.00093 1.00186 0.998137 2 
1.00094 1.00188 0.998123 2 
0.999031 0.998062 1.00194 2 

0.999995 0.99999 1.00001 2 
0.999947 0.999894 1.00011 2 
1.00012 1.00025 0.999752 2 
0.999847 0.999694 1.00031 2 
0.999821 0.999642 1.00036 2 
0.999761 0.999521 1.00048 2 
0.999745 0.999491 1.00051 2 
0.999731 0.999462 1.00054 2 
1.00029 1.00058 0.999423 2 
1.0003 1.0006 0.999397 2 
0.99969 0.999379 1.00062 2 
0.999675 0.999351 1.00065 2 
1.00033 1.00066 0.999339 2 
1.00038 1.00076 0.999236 2 
0.999611 0.999222 1.00078 2 
1.00039 1.00079 0.999214 2 
0.999602 0.999205 1.0008 2 
0.999584 0.999169 1.00083 2 
0.999574 0.999147 1.00085 2 
0.999544 0.999087 1.00091 2 
1.00052 1.00104 0.998957 2 
0.999398 0.998797 1.0012 2 
1.00066 1.00133 0.998672 2 
1.0007 1.0014 0.998603 2 
1.00071 1.00142 0.998586 2 
0.999264 0.998528 1.00147 2 
1.00074 1.00147 0.998527 2 
0.999224 0.998448 1.00155 2 
1.00078 1.00155 0.998447 2 
1.00078 1.00155 0.998447 2 
0.999213 0.998426 1.00158 2 
0.99921 0.998422 1.00158 2 
1.00079 1.00158 0.99842 2 
0.999162 0.998324 1.00168 2 
0.99915 0.998301 1.0017 2 
0.999124 0.998249 1.00175 2 
0.99911 0.998221 1.00178 2 
0.999089 0.99818 1.00182 2 
1.00094 1.00188 0.998119 2 
1.00094 1.00189 0.998114 2 
0.999036 0.998073 1.00193 2 
1.00099 1.00197 0.998027 2 
1.00099 1.00199 0.998012 2 
0.998979 0.99796 1.00204 2 
0.998949 0.997899 1.0021 2 
1.00105 1.0021 0.997897 2 
0.998929 0.997859 1.00214 2 
1.00113 1.00227 0.997737 2 
1.00114 1.00229 0.997712 2 
0.998741 0.997484 1.00252 2 
1.00126 1.00252 0.997483 2 
0.99874 0.997481 1.00252 2 

1.00001 1.00002 0.999977 2 
0.999987 0.999973 1.00003 2 
0.999977 0.999953 1.00005 2 
1.00004 1.00007 0.999928 2 
0.999933 0.999867 1.00013 2 
1.00011 1.00022 0.999784 2 
0.999891 0.999783 1.00022 2 
1.00014 1.00028 0.999721 2 
1.00014 1.00029 0.999714 2 
0.999848 0.999695 1.0003 2 
0.999815 0.999629 1.00037 2 
1.00019 1.00039 0.999611 2 
1.00021 1.00042 0.999578 2 
1.00022 1.00044 0.999559 2 
1.00022 1.00045 0.999554 2 
0.999762 0.999525 1.00048 2 
0.999751 0.999501 1.0005 2 
1.00025 1.00051 0.999492 2 
1.00026 1.00051 0.99949 2 
0.999723 0.999445 1.00055 2 
0.999721 0.999442 1.00056 2 
0.999715 0.99943 1.00057 2 
1.00029 1.00058 0.999425 2 
1.00029 1.00058 0.999424 2 
1.00032 1.00064 0.999358 2 
1.00037 1.00074 0.99926 2 
0.999616 0.999231 1.00077 2 
0.999611 0.999221 1.00078 2 
0.999585 0.99917 1.00083 2 
1.00042 1.00084 0.999159 2 
0.999564 0.999128 1.00087 2 
1.00048 1.00096 0.999038 2 
1.00048 1.00097 0.999034 2 
0.999487 0.998974 1.00103 2 
0.999444 0.998889 1.00111 2 
0.999403 0.998807 1.00119 2 
0.999373 0.998747 1.00125 2 
1.00064 1.00129 0.998714 2 
0.999332 0.998665 1.00134 2 
1.00071 1.00141 0.998588 2 
0.99929 0.99858 1.00142 2 
0.99928 0.99856 1.00144 2 
0.999251 0.998502 1.0015 2 
1.00075 1.0015 0.9985 2 
0.999223 0.998446 1.00156 2 
1.00078 1.00156 0.99844 2 
0.999218 0.998436 1.00157 2 
1.00082 1.00163 0.998367 2 
1.00082 1.00164 0.998357 2 
1.00082 1.00165 0.998356 2 
1.00083 1.00166 0.99834 2 
1.00084 1.00168 0.99832 2 

1.00001 1.00002 0.999975 2 
0.999944 0.999888 1.00011 2 
0.999935 0.999871 1.00013 2 
0.999852 0.999705 1.0003 2 
0.999841 0.999681 1.00032 2 
1.00017 1.00034 0.999658 2 
1.00018 1.00036 0.999641 2 
0.999816 0.999632 1.00037 2 
0.999751 0.999502 1.0005 2 
0.99975 0.9995 1.0005 2 
0.999747 0.999493 1.00051 2 
1.00026 1.00052 0.999481 2 
1.00027 1.00053 0.999465 2 
0.999716 0.999433 1.00057 2 
0.999694 0.999388 1.00061 2 
0.999687 0.999375 1.00063 2 
0.999675 0.999351 1.00065 2 
0.999664 0.999328 1.00067 2 
1.00034 1.00069 0.999312 2 
1.00035 1.00071 0.999292 2 
0.999642 0.999284 1.00072 2 
0.999637 0.999274 1.00073 2 
1.0004 1.00081 0.999191 2 
1.00044 1.00087 0.999129 2 
1.00046 1.00092 0.999079 2 
0.999518 0.999036 1.00096 2 
1.00049 1.00097 0.99903 2 
1.00049 1.00098 0.999024 2 
1.00051 1.00101 0.99899 2 
0.999481 0.998963 1.00104 2 
0.99947 0.99894 1.00106 2 
0.999459 0.998918 1.00108 2 
0.999452 0.998905 1.0011 2 
0.999438 0.998876 1.00112 2 
1.00057 1.00113 0.998868 2 
1.00057 1.00114 0.998865 2 
0.999432 0.998864 1.00114 2 
1.00059 1.00117 0.998827 2 
1.00064 1.00128 0.998722 2 
1.00066 1.00133 0.998674 2 
0.999324 0.998649 1.00135 2 
0.999297 0.998594 1.00141 2 
1.00072 1.00144 0.998561 2 
0.999271 0.998543 1.00146 2 
1.00074 1.00149 0.998511 2 
0.999234 0.998469 1.00153 2 
0.999234 0.998468 1.00153 2 
1.00077 1.00155 0.998452 2 
0.9992 0.998401 1.0016 2 
0.999199 0.998399 1.0016 2 
0.999193 0.998387 1.00161 2 
1.00081 1.00163 0.998375 2 

0.999995 0.999989 1.00001 2 
1.00002 1.00004 0.999957 2 
1.00006 1.00013 0.999872 2 
1.00009 1.00019 0.999814 2 
1.0001 1.0002 0.999803 2 
0.999872 0.999743 1.00026 2 
1.00014 1.00029 0.999711 2 
0.999812 0.999624 1.00038 2 
1.00019 1.00039 0.999614 2 
0.99977 0.99954 1.00046 2 
1.00023 1.00047 0.999533 2 
0.999743 0.999487 1.00051 2 
0.999734 0.999467 1.00053 2 
1.00028 1.00057 0.999431 2 
0.999711 0.999421 1.00058 2 
0.999707 0.999415 1.00059 2 
0.999647 0.999293 1.00071 2 
1.00037 1.00075 0.999255 2 
1.0004 1.0008 0.999197 2 
0.999574 0.999149 1.00085 2 
0.999562 0.999125 1.00088 2 
1.00049 1.00099 0.999012 2 
0.999472 0.998944 1.00106 2 
0.999469 0.998939 1.00106 2 
0.999444 0.998889 1.00111 2 
0.999441 0.998883 1.00112 2 
0.999426 0.998852 1.00115 2 
1.00058 1.00116 0.998837 2 
0.999387 0.998775 1.00123 2 
1.00072 1.00144 0.998564 2 
1.00072 1.00145 0.998555 2 
1.00073 1.00146 0.998538 2 
0.999268 0.998536 1.00147 2 
1.00073 1.00147 0.998533 2 
0.999225 0.998451 1.00155 2 
1.00078 1.00157 0.998431 2 
0.999208 0.998417 1.00158 2 
1.0008 1.00161 0.998395 2 
1.00081 1.00162 0.998385 2 
0.999164 0.998328 1.00167 2 
1.00085 1.0017 0.998303 2 
1.00091 1.00183 0.998173 2 
0.999078 0.998157 1.00185 2 
1.00094 1.00188 0.998118 2 
1.00095 1.00191 0.998094 2 
1.00096 1.00191 0.99809 2 
0.998982 0.997966 1.00204 2 
1.00107 1.00214 0.997857 2 
0.998927 0.997854 1.00215 2 
0.998915 0.997831 1.00217 2 
1.0011 1.00221 0.997792 2 
0.998864 0.997729 1.00227 2 

1.00001 1.00001 0.99999 2 
1.00005 1.0001 0.999903 2 
0.999929 0.999858 1.00014 2 
1.00008 1.00016 0.999835 2 
1.00009 1.00017 0.999827 2 
0.999912 0.999823 1.00018 2 
1.00011 1.00022 0.999777 2 
0.999885 0.999771 1.00023 2 
0.999873 0.999746 1.00025 2 
0.999858 0.999717 1.00028 2 
0.999846 0.999692 1.00031 2 
0.999837 0.999674 1.00033 2 
1.00026 1.00052 0.99948 2 
1.00026 1.00052 0.999476 2 
0.999704 0.999409 1.00059 2 
0.999651 0.999302 1.0007 2 
1.00037 1.00075 0.999252 2 
1.00038 1.00075 0.999246 2 
1.00039 1.00078 0.999216 2 
0.999592 0.999183 1.00082 2 
1.00045 1.00091 0.999091 2 
0.999531 0.999062 1.00094 2 
0.999495 0.998991 1.00101 2 
0.999451 0.998903 1.0011 2 
1.00058 1.00116 0.998837 2 
1.0006 1.0012 0.998799 2 
1.00061 1.00121 0.998789 2 
1.00064 1.00128 0.998722 2 
1.00065 1.00129 0.99871 2 
0.999346 0.998693 1.00131 2 
0.999337 0.998673 1.00133 2 
0.99931 0.99862 1.00138 2 
0.999258 0.998517 1.00148 2 
1.00075 1.0015 0.998497 2 
0.999234 0.998468 1.00153 2 
1.00077 1.00155 0.998451 2 
0.999178 0.998357 1.00164 2 
1.00083 1.00165 0.998349 2 
0.999156 0.998312 1.00169 2 
0.99914 0.998281 1.00172 2 
1.00086 1.00172 0.998277 2 
0.999127 0.998254 1.00175 2 
1.00089 1.00178 0.998223 2 
1.00089 1.00178 0.998219 2 
1.0009 1.0018 0.998203 2 
1.00097 1.00194 0.998063 2 
1.00098 1.00196 0.998045 2 
0.998997 0.997995 1.00201 2 
1.00101 1.00203 0.997975 2 
1.00103 1.00205 0.997951 2 
1.00104 1.00208 0.997918 2 
1.00105 1.0021 0.9979 2 

0.999955 0.99991 1.00009 2 
1.00005 1.00011 0.999892 2 
0.999944 0.999888 1.00011 2 
1.00007 1.00014 0.999857 2 
1.00009 1.00017 0.999826 2 
1.0001 1.0002 0.999799 2 
0.999873 0.999747 1.00025 2 
1.00013 1.00025 0.999746 2 
0.999865 0.99973 1.00027 2 
1.00015 1.0003 0.999705 2 
1.00015 1.00031 0.999693 2 
1.00018 1.00036 0.999638 2 
1.00022 1.00043 0.999569 2 
0.999722 0.999444 1.00056 2 
1.00031 1.00062 0.999378 2 
0.999688 0.999375 1.00062 2 
0.999683 0.999365 1.00063 2 
0.999658 0.999315 1.00068 2 
1.00035 1.0007 0.999297 2 
0.999638 0.999277 1.00072 2 
1.00039 1.00078 0.999219 2 
1.0004 1.0008 0.999199 2 
1.00041 1.00081 0.999186 2 
0.999548 0.999096 1.0009 2 
0.999547 0.999095 1.00091 2 
0.999512 0.999025 1.00098 2 
0.999504 0.999008 1.00099 2 
1.0005 1.00101 0.998992 2 
0.999483 0.998967 1.00103 2 
1.00054 1.00108 0.998923 2 
1.00058 1.00116 0.998841 2 
0.999376 0.998753 1.00125 2 
0.999344 0.998689 1.00131 2 
0.999342 0.998684 1.00132 2 
0.999331 0.998663 1.00134 2 
0.999322 0.998645 1.00136 2 
0.999314 0.998628 1.00137 2 
0.999306 0.998613 1.00139 2 
1.0007 1.0014 0.998599 2 
1.00072 1.00144 0.998562 2 
0.999276 0.998553 1.00145 2 
1.00074 1.00147 0.998527 2 
1.00074 1.00148 0.998522 2 
0.999232 0.998464 1.00154 2 
0.999225 0.99845 1.00155 2 
0.999201 0.998402 1.0016 2 
1.0008 1.0016 0.998399 2 
0.999193 0.998387 1.00161 2 
0.999168 0.998336 1.00167 2 
0.999164 0.998329 1.00167 2 
1.00086 1.00172 0.998281 2 
0.99914 0.99828 1.00172 2 

1 1 0.999997 2 
1.00001 1.00001 0.999988 2 
1.00001 1.00003 0.999971 2 
1.00002 1.00004 0.999963 2 
0.999927 0.999854 1.00015 2 
1.00008 1.00017 0.999832 2 
1.00013 1.00026 0.999739 2 
0.999858 0.999716 1.00028 2 
0.999842 0.999684 1.00032 2 
0.999835 0.999671 1.00033 2 
1.00017 1.00034 0.999659 2 
1.00019 1.00038 0.999622 2 
1.00019 1.00038 0.999619 2 
0.999801 0.999602 1.0004 2 
0.999798 0.999595 1.0004 2 
1.00022 1.00043 0.999565 2 
0.999757 0.999515 1.00049 2 
0.999734 0.999469 1.00053 2 
0.999733 0.999467 1.00053 2 
1.00027 1.00054 0.999463 2 
0.999695 0.999389 1.00061 2 
0.999682 0.999365 1.00064 2 
0.999678 0.999355 1.00064 2 
0.999675 0.99935 1.00065 2 
1.00034 1.00068 0.999324 2 
1.00034 1.00069 0.99931 2 
1.00035 1.0007 0.9993 2 
1.00035 1.0007 0.999298 2 
1.00037 1.00074 0.999263 2 
1.0004 1.00079 0.999206 2 
0.999594 0.999189 1.00081 2 
0.999573 0.999147 1.00085 2 
1.00044 1.00087 0.999128 2 
1.00046 1.00091 0.999088 2 
0.999541 0.999083 1.00092 2 
0.999525 0.99905 1.00095 2 
1.00048 1.00096 0.999041 2 
0.999507 0.999014 1.00099 2 
1.00052 1.00104 0.99896 2 
0.999471 0.998943 1.00106 2 
0.999459 0.998918 1.00108 2 
0.999433 0.998866 1.00113 2 
1.0006 1.00119 0.99881 2 
1.0006 1.00121 0.998795 2 
0.999374 0.998748 1.00125 2 
1.00066 1.00132 0.998683 2 
0.999287 0.998575 1.00143 2 
0.999246 0.998492 1.00151 2 
1.00076 1.00153 0.998472 2 
0.999217 0.998434 1.00157 2 
0.999213 0.998426 1.00158 2 
0.999188 0.998377 1.00162 2 

1.00002 1.00004 0.999958 2 
1.00004 1.00007 0.999927 2 
0.999955 0.999909 1.00009 2 
1.00008 1.00016 0.999837 2 
0.999919 0.999837 1.00016 2 
1.00009 1.00018 0.999815 2 
1.00009 1.00019 0.999814 2 
0.999892 0.999785 1.00022 2 
0.999841 0.999682 1.00032 2 
0.99982 0.999639 1.00036 2 
1.0002 1.0004 0.999604 2 
0.999796 0.999591 1.00041 2 
1.00022 1.00044 0.999563 2 
0.999764 0.999529 1.00047 2 
0.999758 0.999516 1.00048 2 
1.00025 1.0005 0.9995 2 
0.999735 0.999471 1.00053 2 
1.00027 1.00053 0.999466 2 
1.00028 1.00055 0.999446 2 
1.00028 1.00057 0.999433 2 
1.0003 1.0006 0.999397 2 
1.0003 1.0006 0.999397 2 
0.99966 0.99932 1.00068 2 
0.999643 0.999287 1.00071 2 
1.00037 1.00075 0.999255 2 
0.999577 0.999153 1.00085 2 
1.00043 1.00085 0.999149 2 
1.00046 1.00092 0.999079 2 
0.999527 0.999055 1.00095 2 
0.999498 0.998996 1.001 2 
0.999483 0.998966 1.00104 2 
1.00052 1.00105 0.998955 2 
1.00056 1.00113 0.998872 2 
0.999402 0.998805 1.0012 2 
1.0006 1.0012 0.998798 2 
0.999398 0.998796 1.0012 2 
1.00063 1.00126 0.998744 2 
1.00064 1.00128 0.998718 2 
1.00064 1.00129 0.998711 2 
1.00066 1.00132 0.998685 2 
1.00066 1.00132 0.998677 2 
0.999335 0.99867 1.00133 2 
1.00068 1.00136 0.998638 2 
1.00072 1.00145 0.998554 2 
0.999266 0.998532 1.00147 2 
0.999257 0.998514 1.00149 2 
0.999231 0.998462 1.00154 2 
0.999197 0.998396 1.00161 2 
0.999175 0.99835 1.00165 2 
0.999171 0.998344 1.00166 2 
0.999153 0.998306 1.0017 2 
1.00088 1.00176 0.998246 2 

0.999989 0.999977 1.00002 2 
1.00003 1.00007 0.999934 2 
0.999953 0.999906 1.00009 2 
0.999924 0.999849 1.00015 2 
1.00008 1.00015 0.999848 2 
1.00011 1.00021 0.999789 2 
0.999891 0.999782 1.00022 2 
0.999849 0.999699 1.0003 2 
0.999811 0.999621 1.00038 2 
0.999803 0.999607 1.00039 2 
1.00021 1.00041 0.999588 2 
1.00021 1.00042 0.999581 2 
1.00026 1.00053 0.999474 2 
1.00027 1.00054 0.999456 2 
1.00032 1.00065 0.999351 2 
1.00033 1.00067 0.999333 2 
1.00038 1.00075 0.999249 2 
0.999594 0.999187 1.00081 2 
0.999575 0.999151 1.00085 2 
0.999548 0.999097 1.0009 2 
0.999448 0.998897 1.0011 2 
0.999438 0.998875 1.00113 2 
1.0006 1.0012 0.998804 2 
0.999401 0.998802 1.0012 2 
1.00061 1.00122 0.998786 2 
0.999392 0.998785 1.00122 2 
1.00063 1.00125 0.998746 2 
0.999319 0.998639 1.00136 2 
0.999308 0.998617 1.00138 2 
1.00069 1.00139 0.998614 2 
0.999302 0.998605 1.0014 2 
1.00073 1.00146 0.998544 2 
1.00075 1.00151 0.998494 2 
1.00077 1.00155 0.998453 2 
1.0008 1.0016 0.998403 2 
0.999199 0.998398 1.0016 2 
0.999197 0.998395 1.00161 2 
0.999196 0.998392 1.00161 2 
0.99918 0.99836 1.00164 2 
1.00085 1.0017 0.998299 2 
1.00086 1.00171 0.99829 2 
1.00086 1.00172 0.998279 2 
1.00087 1.00174 0.998266 2 
0.999123 0.998247 1.00175 2 
1.00088 1.00175 0.998247 2 
1.0009 1.0018 0.998206 2 
0.999083 0.998168 1.00183 2 
1.00096 1.00192 0.998081 2 
0.998957 0.997916 1.00209 2 
1.00104 1.00209 0.997915 2 
0.998955 0.997912 1.00209 2 
0.998953 0.997906 1.0021 2 

