2.0001 4.00042 1.09194e-08 
-0.000169584 2.87587e-08 4.00068 
1.62618 2.64445 0.139744 
1.9055 3.63093 0.00893047 
1.13392 1.28578 0.750089 
0.803508 0.645626 1.43159 
0.844659 0.713448 1.33481 
0.451253 0.20363 2.39862 
1.07762 1.16126 0.850789 
1.40149 1.96418 0.35821 
0.711846 0.506724 1.65934 
0.651708 0.424723 1.81789 
1.69416 2.87019 0.0935367 
0.301789 0.0910769 2.88392 
1.84679 3.41065 0.0234721 
0.345582 0.119427 2.7371 
0.535774 0.287054 2.14396 
0.236561 0.0559609 3.10972 
0.399917 0.159934 2.56027 
0.753249 0.567384 1.55439 
0.0367887 0.00135341 3.8542 
1.35256 1.82943 0.419174 
1.95819 3.8345 0.00174825 
1.50462 2.26388 0.245402 
1.04529 1.09264 0.911464 
1.47684 2.18105 0.2737 
1.74191 3.03424 0.0666124 
0.185838 0.0345358 3.29118 
1.22293 1.49556 0.603836 
0.892612 0.796756 1.22631 
0.37856 0.143308 2.62907 
1.16957 1.36789 0.689619 
1.31328 1.72469 0.471589 
1.18759 1.41036 0.660015 
0.922306 0.850648 1.16143 
1.93993 3.76332 0.00360867 
0.569474 0.324301 2.0464 
1.76371 3.11066 0.0558347 
0.966109 0.933366 1.06893 
1.70599 2.91042 0.086439 
1.00303 1.00607 0.993948 
0.493674 0.243714 2.26902 
1.53625 2.36008 0.21506 
1.60094 2.56301 0.159249 
1.43798 2.06779 0.315867 
1.5812 2.50019 0.175395 
1.01858 1.0375 0.963192 
0.144744 0.0209508 3.44198 
1.82768 3.34041 0.0296947 
0.732249 0.536188 1.60719 
0.267665 0.0716444 3.00099 
1.33989 1.7953 0.435748 

3.49145e-05 1.21902e-09 3.99986 
1.99998 3.99992 4.06228e-10 
1.51976 2.30966 0.230634 
0.794153 0.630678 1.45407 
1.00999 1.02007 0.980128 
0.947384 0.897536 1.108 
1.58258 2.50457 0.174238 
1.7741 3.14742 0.0510318 
0.235264 0.0553494 3.11429 
1.93865 3.75838 0.00376322 
0.866533 0.750879 1.28475 
1.88512 3.55369 0.0131964 
1.83207 3.35649 0.0281999 
1.10953 1.23107 0.79293 
1.23391 1.52253 0.586899 
1.31075 1.71807 0.475063 
1.27048 1.61412 0.532197 
0.486772 0.236947 2.28986 
0.62328 0.388478 1.89536 
1.45916 2.12915 0.292506 
0.919604 0.845671 1.16726 
1.07408 1.15364 0.857335 
0.705609 0.497884 1.67545 
0.463619 0.214942 2.36047 
0.58812 0.345885 1.9934 
1.04063 1.08291 0.920389 
1.3501 1.82278 0.422365 
0.739339 0.546622 1.58927 
0.338259 0.114419 2.76138 
0.421066 0.177296 2.49303 
1.68034 2.82353 0.102185 
0.145105 0.0210556 3.44063 
1.1545 1.33288 0.714862 
0.766643 0.587741 1.52117 
0.0502203 0.00252207 3.80164 
0.376658 0.141871 2.63524 
0.878222 0.771274 1.25839 
1.85561 3.44328 0.0208495 
0.538492 0.289974 2.13601 
0.183717 0.0337518 3.29888 
0.319329 0.101971 2.82465 
1.60918 2.58946 0.15274 
0.558514 0.311938 2.07788 
0.659158 0.43449 1.79786 
1.6456 2.70799 0.125602 
0.268485 0.0720843 2.99814 
0.671498 0.45091 1.76492 
1.19027 1.41675 0.655656 
0.0914492 0.00836295 3.64257 
1.72954 2.99132 0.0731474 
0.183642 0.0337243 3.29916 
1.42197 2.02199 0.334123 

1.99994 3.99974 4.0784e-09 
6.56409e-05 4.30873e-09 3.99974 
1.60709 2.58275 0.154376 
1.52332 2.32052 0.22722 
1.055 1.11302 0.893029 
0.46307 0.214434 2.36215 
0.280794 0.0788451 2.95567 
1.56317 2.4435 0.190822 
0.919847 0.846119 1.16673 
0.330516 0.109241 2.78718 
1.37656 1.89493 0.388673 
1.66063 2.75768 0.115173 
1.34811 1.81741 0.424955 
0.246514 0.0607691 3.07471 
0.829449 0.687986 1.37019 
1.74368 3.04043 0.065699 
1.47435 2.17372 0.276303 
0.361494 0.130678 2.6847 
0.425686 0.181208 2.47847 
1.42379 2.02718 0.332017 
0.555547 0.308633 2.08644 
0.397045 0.157644 2.56947 
1.13185 1.28107 0.753692 
0.0588351 0.00346157 3.76812 
0.118131 0.0139549 3.54143 
1.17451 1.37947 0.681438 
1.71148 2.92915 0.0832455 
0.510171 0.260274 2.21959 
1.95768 3.83252 0.00179069 
1.78065 3.17072 0.0481133 
0.620965 0.385597 1.90174 
1.30271 1.69704 0.486219 
0.799988 0.639981 1.44003 
1.09516 1.19938 0.818735 
0.208852 0.0436193 3.20821 
0.736351 0.542213 1.59681 
1.68274 2.8316 0.100656 
1.83717 3.37521 0.0265122 
0.878662 0.772046 1.2574 
1.86957 3.49529 0.017012 
0.869794 0.756541 1.27737 
1.00884 1.01776 0.982396 
0.961308 0.924114 1.07888 
1.21409 1.47401 0.617659 
0.588242 0.346029 1.99306 
0.523351 0.273896 2.18049 
0.658932 0.434191 1.79846 
1.93979 3.76279 0.00362508 
1.905 3.62903 0.0090248 
0.699132 0.488785 1.69226 
0.773578 0.598423 1.50411 
0.145439 0.0211526 3.4394 

2 3.99999 1.57495e-12 
-2.80821e-05 7.88602e-10 4.00011 
0.411553 0.169376 2.52316 
1.67066 2.7911 0.108466 
1.07073 1.14645 0.863551 
1.60266 2.56851 0.157882 
0.312433 0.0976145 2.84788 
0.796537 0.634471 1.44832 
1.94796 3.79455 0.00270805 
1.71937 2.95622 0.0787547 
1.01113 1.02238 0.977866 
1.45499 2.117 0.297036 
1.5055 2.26654 0.244527 
1.35339 1.83166 0.418107 
0.568079 0.322714 2.0504 
1.38806 1.92672 0.374467 
1.21817 1.48393 0.611263 
0.066475 0.00441892 3.73852 
0.844027 0.712382 1.33627 
1.9018 3.61686 0.00964233 
1.42654 2.03501 0.32886 
0.0323695 0.00104779 3.87157 
1.31124 1.71935 0.474388 
0.469793 0.220705 2.34153 
0.7442 0.553833 1.57703 
0.935613 0.875371 1.13292 
1.53254 2.34869 0.218514 
1.84841 3.41661 0.0229804 
1.7591 3.09444 0.058032 
0.610482 0.372688 1.93076 
0.104048 0.010826 3.59463 
1.11828 1.25055 0.777429 
0.537262 0.28865 2.1396 
1.18475 1.40364 0.664625 
0.706323 0.498892 1.6736 
1.77785 3.16077 0.0493487 
0.864889 0.748034 1.28848 
0.976156 0.952881 1.04826 
0.498533 0.248535 2.2544 
1.25738 1.581 0.551487 
1.81389 3.29021 0.0346356 
1.15362 1.33085 0.716352 
0.512735 0.262898 2.21196 
1.56644 2.45373 0.187975 
0.124069 0.015393 3.51912 
0.731942 0.53574 1.60797 
0.433637 0.188041 2.45349 
0.654796 0.428757 1.80957 
1.8092 3.27322 0.0364029 
1.12801 1.2724 0.760373 
0.166562 0.027743 3.36149 
0.142321 0.0202554 3.45097 

1.99998 3.99991 5.39393e-10 
-0.000122145 1.49193e-08 4.00049 
1.92674 3.71233 0.00536707 
0.2811 0.079017 2.95462 
0.101253 0.0102521 3.60524 
0.146748 0.0215349 3.43454 
0.47918 0.229613 2.31289 
1.0359 1.0731 0.92948 
0.696231 0.484738 1.69981 
1.33171 1.77346 0.446609 
0.330697 0.10936 2.78657 
0.833278 0.694353 1.36124 
0.878033 0.770942 1.25881 
1.96498 3.86113 0.00122667 
0.0617728 0.00381588 3.75672 
0.446297 0.199181 2.41399 
1.19572 1.42975 0.646862 
1.26524 1.60082 0.539878 
1.1426 1.30554 0.735134 
0.529531 0.280403 2.16228 
1.87187 3.50388 0.0164185 
1.76566 3.11757 0.0549134 
0.586532 0.34402 1.99789 
0.935759 0.875644 1.13261 
0.737406 0.543768 1.59414 
1.69439 2.87097 0.0933953 
0.360639 0.13006 2.6875 
0.907524 0.8236 1.1935 
1.86153 3.4653 0.0191735 
0.655242 0.429342 1.80837 
0.54473 0.296731 2.11781 
0.408234 0.166655 2.53372 
1.81432 3.29174 0.0344788 
0.982407 0.965124 1.03549 
1.41387 1.99902 0.343553 
1.37561 1.8923 0.389863 
1.22025 1.48901 0.608008 
1.11256 1.2378 0.787544 
0.185182 0.0342924 3.29356 
0.0284921 0.000811797 3.88684 
1.49355 2.23071 0.256487 
1.80544 3.25963 0.0378517 
0.606517 0.367862 1.9418 
1.45263 2.11013 0.299616 
0.239422 0.0573229 3.09963 
1.53648 2.36077 0.21485 
0.390204 0.152259 2.59144 
1.71999 2.95837 0.0784052 
1.74171 3.03354 0.0667157 
1.62051 2.62606 0.144012 
1.07821 1.16253 0.849701 
1.61259 2.60044 0.150088 

-0.000155133 2.40664e-08 4.00062 
2.00003 4.0001 6.87628e-10 
0.0731262 0.00534745 3.71284 
0.986864 0.973901 1.02644 
1.42464 2.0296 0.331038 
1.02525 1.05113 0.950144 
1.36662 1.86765 0.401169 
0.759305 0.576544 1.53932 
0.923974 0.853728 1.15783 
0.667716 0.445845 1.77498 
0.116781 0.0136378 3.54651 
1.33411 1.77984 0.443416 
1.65302 2.73249 0.120393 
1.58044 2.49778 0.176032 
1.79459 3.22055 0.0421934 
1.46369 2.14238 0.28763 
1.28688 1.65605 0.508546 
1.83263 3.35851 0.0280144 
0.347293 0.120612 2.73144 
0.153211 0.0234736 3.41063 
1.96246 3.85124 0.00140947 
0.48494 0.235167 2.29541 
0.185516 0.0344163 3.29235 
0.0130901 0.000171349 3.94781 
1.13571 1.28983 0.747005 
1.17148 1.37236 0.686449 
1.07819 1.16249 0.849738 
0.810637 0.657132 1.41459 
0.533723 0.284861 2.14997 
1.70404 2.90377 0.0875898 
1.8659 3.48159 0.0179825 
0.586035 0.343437 1.9993 
0.541406 0.29312 2.1275 
0.391485 0.153261 2.58732 
0.86026 0.740048 1.29901 
1.54677 2.39249 0.205421 
0.298841 0.0893061 2.89394 
0.622303 0.387261 1.89805 
1.49909 2.24726 0.250915 
1.26173 1.59197 0.545036 
0.226555 0.0513271 3.14511 
1.23958 1.53655 0.578245 
0.703095 0.494343 1.68196 
0.724837 0.525388 1.62604 
1.74929 3.06003 0.0628532 
1.75746 3.08868 0.0588235 
0.367716 0.135215 2.66435 
0.81671 0.667015 1.40018 
0.265599 0.0705428 3.00815 
0.432571 0.187118 2.45683 
0.4198 0.176232 2.49703 
0.219353 0.0481158 3.1707 

1.99999 3.99996 8.10562e-11 
-2.34383e-06 5.49355e-12 4.00001 
1.4524 2.10947 0.299866 
1.83348 3.36165 0.0277289 
0.28829 0.0831109 2.92995 
1.53953 2.37016 0.21203 
1.51185 2.28569 0.238291 
0.796356 0.634183 1.44876 
1.71214 2.93143 0.0828628 
0.0956602 0.00915088 3.62651 
1.76266 3.10697 0.0563309 
0.136882 0.0187368 3.47121 
0.225515 0.0508572 3.1488 
1.39944 1.95843 0.360672 
1.96355 3.85552 0.00132884 
1.37725 1.89681 0.38782 
1.92344 3.69961 0.00586183 
0.172817 0.0298658 3.3386 
1.67046 2.79043 0.108598 
0.458663 0.210372 2.37572 
1.60331 2.57059 0.157366 
0.751325 0.564489 1.55919 
1.09365 1.19607 0.821473 
1.30984 1.71567 0.476325 
1.60294 2.56941 0.157657 
0.679885 0.462244 1.7427 
1.89148 3.57769 0.0117772 
0.411121 0.169021 2.52454 
1.86037 3.46096 0.0194975 
1.05355 1.10996 0.895774 
1.32581 1.75777 0.454532 
1.25825 1.58318 0.5502 
1.75616 3.0841 0.0594573 
0.702865 0.49402 1.68256 
0.0300628 0.000903773 3.88065 
0.509432 0.259521 2.22179 
0.729746 0.532529 1.61354 
0.639152 0.408515 1.85191 
0.878726 0.772159 1.25726 
0.0549798 0.00302278 3.7831 
0.964422 0.930109 1.07242 
0.360903 0.130251 2.68664 
0.837073 0.700691 1.3524 
0.930297 0.865452 1.14426 
0.58149 0.338131 2.01217 
1.21834 1.48434 0.610998 
1.67348 2.80055 0.106612 
0.480493 0.230873 2.3089 
0.321896 0.103617 2.81603 
1.1194 1.25307 0.77545 
0.548541 0.300897 2.10673 
1.25777 1.58198 0.550909 

2.00005 4.00018 2.04032e-09 
-9.68746e-05 9.38469e-09 4.00039 
1.51654 2.2999 0.233731 
1.09664 1.20262 0.816061 
1.58806 2.52192 0.169698 
0.44677 0.199603 2.41252 
1.17534 1.38142 0.680067 
1.73816 3.02121 0.0685585 
0.315665 0.0996441 2.83699 
0.700868 0.491215 1.68774 
0.668477 0.446862 1.77295 
0.485826 0.236027 2.29272 
1.79177 3.21045 0.0433581 
0.151252 0.0228772 3.41787 
0.380792 0.145003 2.62183 
1.47302 2.16977 0.277713 
1.93365 3.73899 0.00440283 
1.62605 2.64404 0.139838 
0.749855 0.562282 1.56286 
1.96601 3.8652 0.00115531 
1.84599 3.40769 0.0237181 
0.25592 0.0654951 3.04181 
0.608559 0.370344 1.93611 
0.622683 0.387735 1.897 
0.862806 0.744434 1.29321 
0.560487 0.314146 2.0722 
1.18778 1.41082 0.659704 
1.23251 1.51907 0.589047 
0.0386005 0.00148999 3.84709 
1.89746 3.60037 0.0105139 
1.81333 3.28817 0.0348449 
0.768607 0.590757 1.51633 
0.960532 0.922622 1.08049 
0.802386 0.643823 1.43428 
1.87877 3.52979 0.0146958 
1.06471 1.13361 0.874765 
0.903075 0.815544 1.20324 
0.187408 0.0351216 3.28549 
0.916016 0.839086 1.17502 
1.0454 1.09286 0.911266 
0.0563472 0.00317501 3.77779 
1.41467 2.00129 0.342612 
0.968228 0.937466 1.06455 
1.27063 1.61449 0.531986 
1.70456 2.90552 0.0872857 
1.35115 1.82561 0.421005 
1.33645 1.7861 0.440299 
1.00659 1.01322 0.986867 
1.30653 1.70703 0.480895 
1.65625 2.74318 0.118161 
0.114923 0.0132072 3.55352 
0.524296 0.274886 2.1777 

2.00006 4.00024 3.60298e-09 
0.000221266 4.89588e-08 3.99911 
0.902872 0.815179 1.20369 
0.677222 0.458629 1.74974 
0.982482 0.965271 1.03534 
0.808615 0.653859 1.4194 
1.87383 3.51124 0.0159188 
1.80521 3.25879 0.0379421 
0.0980395 0.00961174 3.61745 
0.732921 0.537173 1.60549 
1.32191 1.74745 0.459802 
1.04658 1.09533 0.909012 
1.60634 2.58031 0.154972 
0.529228 0.280082 2.16317 
1.18606 1.40675 0.662491 
0.466116 0.217264 2.3528 
0.356538 0.127119 2.70097 
1.77552 3.15246 0.0503932 
1.25126 1.56565 0.560615 
1.9402 3.76438 0.00357598 
0.146987 0.0216051 3.43366 
1.00333 1.00667 0.993348 
1.26432 1.59849 0.541232 
0.24441 0.0597363 3.0821 
1.34918 1.82029 0.423565 
0.767404 0.588909 1.51929 
0.619644 0.383959 1.90538 
1.08753 1.18273 0.832593 
1.49852 2.24555 0.251486 
0.408697 0.167033 2.53225 
1.56205 2.44 0.191801 
0.054074 0.002924 3.78663 
0.162268 0.0263308 3.37726 
1.52697 2.33162 0.223761 
1.46882 2.15744 0.282151 
0.546591 0.298761 2.1124 
1.69832 2.88429 0.0910108 
1.64561 2.70803 0.125593 
0.273294 0.0746895 2.98151 
0.313536 0.0983047 2.84416 
0.202939 0.0411844 3.22943 
1.73131 2.99742 0.0721958 
0.450751 0.203176 2.40017 
1.42805 2.03934 0.327123 
1.40545 1.97529 0.353488 
1.44858 2.09838 0.304065 
0.199285 0.0397145 3.24257 
0.311313 0.096916 2.85166 
0.584638 0.341801 2.00325 
0.0245695 0.000603658 3.90233 
0.577645 0.333674 2.02309 
1.65267 2.73133 0.120635 

2.00006 4.00024 3.57675e-09 
0.000105069 1.10395e-08 3.99958 
0.362285 0.13125 2.68211 
1.60192 2.56616 0.158466 
1.38564 1.91999 0.377442 
0.721157 0.520067 1.63544 
1.13939 1.2982 0.740656 
1.42255 2.02366 0.333443 
1.31572 1.73111 0.468241 
0.906221 0.821236 1.19635 
0.302093 0.0912604 2.88289 
1.21011 1.46436 0.623931 
0.413035 0.170598 2.51846 
0.13388 0.0179239 3.4824 
1.55251 2.41028 0.20025 
0.217578 0.0473402 3.17703 
0.780047 0.608473 1.48829 
0.551976 0.304677 2.09677 
1.88045 3.5361 0.0142918 
0.946536 0.895931 1.10979 
0.0779898 0.0060824 3.69412 
1.78434 3.18388 0.0465081 
0.675768 0.456662 1.75359 
1.52016 2.31089 0.230245 
1.47675 2.1808 0.273786 
1.97526 3.90164 0.000612197 
1.10602 1.22328 0.799199 
1.65972 2.75467 0.115791 
1.80795 3.26867 0.0368847 
0.174563 0.0304722 3.33222 
0.495876 0.245893 2.26239 
1.29614 1.67998 0.495417 
1.26156 1.59154 0.545289 
0.826756 0.683525 1.3765 
0.597839 0.357412 1.96605 
0.859074 0.738007 1.30171 
1.93655 3.75024 0.00402557 
0.46229 0.213712 2.36455 
1.07859 1.16336 0.848993 
0.446072 0.19898 2.41469 
0.254482 0.0647612 3.04683 
0.0381959 0.00145893 3.84868 
1.74098 3.03103 0.067089 
1.71269 2.93331 0.0825464 
1.48712 2.21154 0.263041 
1.91753 3.67694 0.0068007 
0.160384 0.0257229 3.38419 
0.0158001 0.000249643 3.93705 
1.84494 3.40381 0.0240434 
0.276941 0.0766962 2.96893 
0.998503 0.997007 1.003 
1.84221 3.39374 0.0248973 

4.62527e-05 2.13931e-09 3.99981 
2.00005 4.00021 2.63675e-09 
0.589142 0.347088 1.99052 
1.24871 1.55929 0.564431 
0.507138 0.257189 2.22864 
1.58107 2.49979 0.1755 
1.11569 1.24477 0.781999 
1.52961 2.33971 0.221265 
1.31552 1.7306 0.468509 
0.426515 0.181915 2.47585 
0.873949 0.763787 1.26799 
0.983403 0.967081 1.03347 
0.0851606 0.00725232 3.66661 
1.62348 2.63568 0.14177 
1.4606 2.13335 0.290954 
1.21355 1.47271 0.618498 
1.72243 2.96675 0.0770475 
1.89936 3.60757 0.0101283 
0.675091 0.455748 1.75538 
0.62441 0.389888 1.89225 
1.06299 1.12994 0.877992 
1.83781 3.37755 0.0263055 
0.774059 0.599168 1.50293 
1.68597 2.84249 0.0986166 
0.480454 0.230836 2.30902 
1.65712 2.74606 0.117564 
0.729512 0.532188 1.61414 
1.87581 3.51868 0.0154221 
0.213855 0.0457339 3.19031 
1.15629 1.33701 0.711841 
0.929833 0.864589 1.14526 
1.80697 3.26515 0.0372597 
1.17638 1.38386 0.678355 
0.263585 0.0694769 3.01514 
0.93453 0.873346 1.13523 
1.94694 3.79058 0.00281533 
0.185978 0.0345879 3.29068 
0.658769 0.433977 1.7989 
0.129654 0.0168101 3.4982 
0.162535 0.0264176 3.37628 
0.0412247 0.00169948 3.8368 
0.308881 0.0954076 2.85988 
1.96669 3.86788 0.00110944 
0.737318 0.543637 1.59437 
1.75761 3.08918 0.0587541 
0.0497759 0.00247764 3.80337 
1.4203 2.01724 0.336055 
0.398288 0.158633 2.56548 
0.804843 0.647772 1.4284 
1.77822 3.16205 0.0491885 
1.36147 1.85361 0.407718 
0.848111 0.719293 1.32685 

3.49145e-05 1.21902e-09 3.99986 
1.99999 3.99996 9.3511e-11 
0.731211 0.534669 1.60983 
0.658935 0.434195 1.79846 
0.964205 0.929692 1.07287 
0.784138 0.614873 1.47832 
0.288385 0.0831657 2.92963 
1.54474 2.38622 0.207261 
1.10936 1.23068 0.79324 
1.49698 2.24094 0.253033 
0.227006 0.0515316 3.14351 
0.111692 0.0124751 3.56571 
1.17615 1.38334 0.678723 
0.0362647 0.00131513 3.85626 
1.28227 1.64421 0.515142 
1.92958 3.72326 0.00495955 
1.33202 1.77427 0.4462 
0.514922 0.265144 2.20546 
1.97182 3.88806 0.000794381 
1.464 2.14331 0.287293 
0.563236 0.317234 2.06429 
1.64346 2.70096 0.12712 
1.79266 3.21363 0.0429898 
1.15431 1.33243 0.715189 
1.67005 2.78907 0.108867 
1.07312 1.15158 0.859109 
0.209024 0.0436912 3.20759 
0.161914 0.0262162 3.37856 
1.36565 1.86501 0.402395 
1.23047 1.51407 0.592169 
1.70881 2.92002 0.0847933 
0.333142 0.110984 2.77842 
1.87557 3.51776 0.0154829 
0.91655 0.840065 1.17386 
0.363826 0.13237 2.67706 
1.89965 3.60869 0.0100692 
1.57819 2.49068 0.177925 
0.455843 0.207793 2.38442 
1.83995 3.38542 0.0256158 
0.49196 0.242025 2.27418 
1.42686 2.03593 0.328488 
0.87401 0.763893 1.26785 
1.411 1.99092 0.346923 
1.77238 3.14134 0.0518098 
0.410716 0.168688 2.52582 
0.168838 0.0285061 3.35316 
1.00817 1.01641 0.983727 
0.0748077 0.0055962 3.70637 
1.60198 2.56634 0.15842 
1.74395 3.04137 0.0655597 
0.308521 0.0951854 2.8611 
0.909529 0.827243 1.18913 

1.99994 3.99974 4.0784e-09 
6.56409e-05 4.30873e-09 3.99974 
1.08577 1.1789 0.83581 
1.17909 1.39024 0.673901 
1.94412 3.77962 0.00312214 
1.6945 2.87133 0.0933308 
0.325345 0.105849 2.80447 
0.285251 0.0813682 2.94036 
1.53129 2.34485 0.219688 
0.0160332 0.000257065 3.93612 
0.627986 0.394367 1.88242 
1.37904 1.90176 0.385586 
1.63596 2.67635 0.132528 
1.47537 2.17671 0.27524 
0.676352 0.457452 1.75204 
1.25789 1.58229 0.550728 
1.41671 2.00706 0.340229 
0.0810218 0.00656453 3.68248 
0.177221 0.0314071 3.32253 
0.480626 0.231001 2.3085 
1.73975 3.02673 0.0677296 
1.57074 2.46722 0.184265 
1.89449 3.58908 0.0111332 
1.33033 1.76978 0.448454 
1.2177 1.4828 0.611986 
0.2431 0.0590976 3.0867 
0.941979 0.887324 1.11941 
0.133098 0.0177151 3.48532 
0.436397 0.190443 2.44485 
1.48967 2.21911 0.260439 
1.84329 3.39771 0.0245585 
0.810248 0.656502 1.41551 
0.372379 0.138666 2.64915 
0.085332 0.00728156 3.66595 
0.218053 0.0475471 3.17534 
0.855963 0.732673 1.30882 
1.59291 2.53735 0.165725 
0.600449 0.360539 1.95874 
0.557163 0.310431 2.08178 
0.896194 0.803163 1.21839 
0.836216 0.699258 1.35439 
0.735938 0.541605 1.59785 
1.76229 3.10565 0.0565077 
0.579744 0.336103 2.01713 
1.61998 2.62433 0.144418 
1.80124 3.24446 0.0395067 
1.04214 1.08606 0.917489 
0.981852 0.964034 1.03662 
0.383323 0.146936 2.61364 
0.885936 0.784882 1.24114 
1.0056 1.01124 0.988823 
0.418222 0.17491 2.50202 

2 3.99999 1.57495e-12 
-2.80821e-05 7.88602e-10 4.00011 
0.204905 0.0419862 3.22236 
0.528935 0.279772 2.16403 
0.595234 0.354304 1.97337 
1.49501 2.23506 0.255014 
0.707967 0.501217 1.66935 
0.120513 0.0145234 3.53247 
1.64713 2.71303 0.124518 
0.990829 0.981742 1.01843 
0.952994 0.908197 1.09622 
1.09685 1.20308 0.815677 
0.908922 0.82614 1.19045 
1.89886 3.60569 0.0102285 
0.483089 0.233375 2.30102 
1.93091 3.72841 0.00477371 
0.250359 0.0626795 3.06124 
1.21351 1.47261 0.618567 
1.42612 2.03382 0.329337 
0.315129 0.0993061 2.83879 
0.450769 0.203193 2.40012 
0.382745 0.146493 2.61552 
1.28037 1.63935 0.517865 
0.751007 0.564011 1.55998 
1.97569 3.90337 0.000590787 
0.844067 0.712449 1.33618 
0.804882 0.647836 1.42831 
1.60425 2.57363 0.156615 
1.33098 1.77152 0.447582 
0.87299 0.762111 1.27015 
0.409549 0.16773 2.52954 
1.04425 1.09046 0.913458 
1.52555 2.32731 0.225099 
0.777219 0.604069 1.49519 
1.03604 1.07338 0.929218 
0.662318 0.438665 1.78939 
0.0231197 0.00053452 3.90806 
1.85248 3.43169 0.0217618 
1.25937 1.58602 0.548528 
1.58083 2.49901 0.175707 
0.0662749 0.00439236 3.73929 
0.630588 0.397642 1.87529 
1.18374 1.40125 0.666274 
1.81285 3.28643 0.035025 
1.68802 2.84942 0.0973308 
0.10715 0.011481 3.58288 
1.85115 3.42674 0.0221578 
1.12517 1.26601 0.765324 
1.39105 1.93503 0.370816 
0.281371 0.0791698 2.95368 
1.42007 2.01659 0.336323 
1.55437 2.41607 0.198585 

1.99998 3.99991 5.39393e-10 
-4.77882e-05 2.28372e-09 4.00019 
0.686134 0.470779 1.72624 
1.45183 2.10781 0.300491 
0.608045 0.369719 1.93754 
1.1796 1.39145 0.67306 
0.760316 0.578081 1.53682 
0.182897 0.0334514 3.30186 
1.93167 3.73135 0.00466896 
0.930517 0.865862 1.14379 
0.416937 0.173837 2.50609 
1.49982 2.24945 0.250184 
0.297075 0.0882536 2.89995 
0.718935 0.516868 1.64113 
1.06936 1.14352 0.866099 
1.40181 1.96508 0.357828 
0.986305 0.972797 1.02758 
1.74038 3.02894 0.0674001 
1.97317 3.89339 0.000720031 
1.34658 1.81327 0.426963 
1.89349 3.58529 0.0113454 
1.22848 1.50916 0.595244 
0.871254 0.759083 1.27407 
1.60827 2.58654 0.153452 
1.64406 2.70294 0.126691 
0.223689 0.0500366 3.15528 
0.386532 0.149407 2.60328 
1.24612 1.55282 0.568333 
1.86424 3.4754 0.0184304 
0.349178 0.121926 2.72521 
1.37962 1.90336 0.384869 
0.8059 0.649475 1.42588 
1.31201 1.72138 0.473324 
0.555036 0.308065 2.08792 
0.0491788 0.00241855 3.8057 
0.465458 0.216651 2.35482 
0.0961131 0.00923773 3.62479 
1.82372 3.32594 0.0310756 
1.29039 1.6651 0.503553 
0.510134 0.260236 2.2197 
0.843761 0.711932 1.33689 
0.514093 0.264292 2.20792 
0.00563606 3.17651e-05 3.97749 
0.467652 0.218698 2.34809 
1.67171 2.79462 0.107774 
1.02914 1.05913 0.942571 
0.0447074 0.00199875 3.82317 
0.142049 0.0201779 3.45198 
1.02529 1.05123 0.950051 
1.78249 3.17727 0.0473108 
1.13954 1.29856 0.740388 
1.781 3.17198 0.047959 

-8.09573e-05 6.55408e-09 4.00032 
1.99999 3.99995 1.66915e-10 
1.30577 1.70504 0.481952 
1.68976 2.85527 0.0962518 
0.432078 0.186691 2.45838 
1.79945 3.23801 0.0402218 
1.33898 1.79287 0.436948 
0.508055 0.25812 2.2259 
1.18073 1.39411 0.671211 
1.56648 2.45387 0.187938 
0.987632 0.975417 1.02489 
1.24046 1.53875 0.576898 
1.50107 2.25322 0.248927 
0.944947 0.892924 1.11314 
1.45513 2.11742 0.296878 
0.638156 0.407243 1.85462 
0.559324 0.312844 2.07555 
0.0646258 0.00417649 3.74567 
1.84399 3.40028 0.0243404 
0.231514 0.0535987 3.12754 
0.149705 0.0224116 3.42359 
1.39897 1.95712 0.361236 
0.287911 0.0828927 2.93125 
0.0230586 0.000531701 3.9083 
1.64957 2.7211 0.122798 
1.0875 1.18266 0.832653 
1.22641 1.50409 0.598435 
0.753476 0.567726 1.55382 
1.74517 3.04561 0.0649396 
1.86733 3.48692 0.0176018 
0.11624 0.0135118 3.54855 
1.7491 3.05936 0.0629494 
1.12829 1.27303 0.759883 
1.14091 1.30167 0.738039 
0.522955 0.273482 2.18166 
0.86739 0.752366 1.2828 
1.41907 2.01375 0.337484 
1.96491 3.86086 0.00123159 
0.376579 0.141811 2.6355 
1.90859 3.64272 0.0083556 
0.296509 0.0879179 2.90188 
1.4912 2.22368 0.258878 
1.02831 1.05742 0.944186 
0.78183 0.611258 1.48394 
0.91271 0.833039 1.1822 
0.603227 0.363883 1.95097 
0.336422 0.11318 2.76749 
0.182429 0.0332803 3.30357 
1.90279 3.62062 0.00944902 
1.94959 3.8009 0.0025413 
0.220391 0.048572 3.16701 
0.831323 0.691099 1.36581 

2.00001 4.00003 7.10083e-11 
-2.34383e-06 5.49355e-12 4.00001 
1.10754 1.22665 0.796479 
1.18909 1.41394 0.657568 
1.67722 2.81308 0.104184 
1.42995 2.04476 0.324955 
1.89198 3.57959 0.0116684 
1.80016 3.24057 0.0399367 
0.256216 0.0656466 3.04078 
0.112539 0.0126651 3.56251 
0.980325 0.961038 1.03974 
1.60245 2.56783 0.158049 
1.35632 1.83959 0.414329 
1.71817 2.9521 0.0794292 
0.212308 0.0450747 3.19584 
1.06985 1.14457 0.865186 
0.060265 0.00363186 3.76257 
1.28909 1.66176 0.505388 
0.305997 0.0936342 2.86965 
0.867532 0.752612 1.28248 
0.495192 0.245215 2.26445 
1.96907 3.87723 0.000956706 
0.143957 0.0207236 3.4449 
1.93433 3.74162 0.00431293 
1.32662 1.75993 0.453434 
0.700612 0.490858 1.68841 
0.939835 0.883289 1.12395 
0.645126 0.416187 1.83568 
0.385617 0.148701 2.60623 
1.50811 2.2744 0.241954 
1.02341 1.04737 0.953726 
0.817099 0.667651 1.39925 
1.5265 2.33021 0.224201 
0.828157 0.685845 1.37322 
1.22505 1.50074 0.600552 
0.775002 0.600629 1.50062 
1.25556 1.57643 0.55419 
1.75206 3.06971 0.0614749 
1.03492 1.07106 0.931377 
0.727648 0.529472 1.61888 
0.452361 0.20463 2.39519 
1.90714 3.6372 0.00862221 
0.521176 0.271624 2.18692 
0.744804 0.554734 1.57552 
0.60618 0.367454 1.94273 
0.587409 0.34505 1.99541 
1.46954 2.15955 0.281387 
0.361056 0.130362 2.68614 
1.59428 2.54173 0.164608 
0.898519 0.807336 1.21326 
0.326861 0.106838 2.7994 
1.76479 3.11449 0.0553223 

2.00005 4.00018 2.04032e-09 
4.24962e-05 1.80593e-09 3.99983 
0.684496 0.468535 1.73055 
0.552941 0.305743 2.09398 
0.474013 0.224689 2.32864 
1.50432 2.26298 0.245697 
1.03453 1.07025 0.932131 
0.999241 0.998483 1.00152 
0.615693 0.379078 1.9163 
1.3124 1.72239 0.472793 
1.88715 3.56133 0.0127352 
0.941072 0.885616 1.12133 
0.763028 0.582212 1.5301 
1.96049 3.84352 0.00156109 
0.437757 0.191631 2.4406 
1.18837 1.41222 0.658747 
1.92357 3.70014 0.00584091 
1.43908 2.07094 0.314634 
1.35118 1.8257 0.420963 
1.84518 3.40468 0.0239702 
1.72265 2.96753 0.0769224 
0.0626464 0.00392457 3.75334 
1.09389 1.19659 0.821037 
1.81897 3.30865 0.0327722 
0.213858 0.0457351 3.1903 
0.816101 0.66602 1.40162 
1.22463 1.49972 0.6012 
0.156583 0.0245182 3.39819 
1.14907 1.32037 0.724078 
1.77006 3.1331 0.0528744 
0.102373 0.0104803 3.60099 
0.162924 0.0265441 3.37485 
0.398164 0.158535 2.56588 
0.737959 0.544584 1.59275 
0.863145 0.74502 1.29244 
0.0302431 0.000914642 3.87994 
1.12792 1.2722 0.760524 
1.2716 1.61695 0.530574 
0.824451 0.67972 1.38191 
1.70313 2.90064 0.0881337 
1.41787 2.01034 0.33888 
1.54362 2.38278 0.208279 
0.590319 0.348476 1.9872 
1.57359 2.47618 0.181827 
1.6127 2.6008 0.150001 
1.58829 2.52268 0.169503 
1.7833 3.18014 0.046961 
0.38097 0.145138 2.62126 
0.312563 0.0976957 2.84744 
1.38203 1.91001 0.381888 
1.38727 1.92452 0.375437 
0.0945705 0.00894357 3.63066 

-8.45037e-06 7.14087e-11 4.00003 
2.00006 4.00024 3.60298e-09 
1.66054 2.75738 0.115236 
1.54517 2.38754 0.206874 
1.39128 1.93565 0.370543 
0.820588 0.673365 1.39101 
0.14089 0.0198501 3.45629 
0.692597 0.47969 1.7093 
1.45781 2.12521 0.293969 
0.49623 0.246244 2.26132 
0.915824 0.838734 1.17544 
1.85227 3.4309 0.0218248 
0.552738 0.30552 2.09457 
1.04411 1.09017 0.913719 
0.758109 0.57473 1.54229 
0.0772717 0.00597092 3.69688 
0.963414 0.928166 1.07451 
0.750511 0.563266 1.56122 
0.469214 0.220162 2.3433 
1.08662 1.18073 0.834272 
1.90347 3.62318 0.00931872 
1.80238 3.24856 0.0390548 
0.348699 0.121591 2.7268 
0.180407 0.0325467 3.31092 
0.200676 0.0402709 3.23757 
0.431068 0.18582 2.46155 
1.93986 3.76304 0.00361726 
0.321627 0.103444 2.81693 
1.35208 1.82811 0.419805 
0.384568 0.147893 2.60962 
0.618999 0.38316 1.90716 
1.87591 3.51905 0.0153973 
0.250513 0.0627567 3.06071 
0.0493886 0.00243923 3.80488 
0.592303 0.350823 1.98161 
1.48001 2.19042 0.270394 
0.886469 0.785828 1.23995 
0.239859 0.0575323 3.0981 
0.022215 0.000493505 3.91163 
1.70021 2.89071 0.0898744 
0.650207 0.42277 1.82194 
1.73935 3.02535 0.0679365 
1.26585 1.60239 0.53897 
1.15698 1.3386 0.710684 
0.862834 0.744482 1.29315 
0.981377 0.963102 1.03759 
0.290855 0.0845968 2.92118 
1.18044 1.39344 0.671678 
1.9794 3.91801 0.000424536 
1.31695 1.73437 0.466553 
1.13445 1.28698 0.749171 
1.23282 1.51984 0.588571 

1.99998 3.99993 3.42875e-10 
5.94563e-05 3.53505e-09 3.99976 
1.37156 1.88119 0.394933 
1.27559 1.62714 0.524763 
1.8067 3.26415 0.0373662 
1.73708 3.01746 0.0691253 
0.603055 0.363676 1.95145 
1.65207 2.72932 0.121059 
0.736311 0.542154 1.59691 
1.50495 2.26486 0.245078 
1.57025 2.46569 0.184684 
1.57936 2.49437 0.176939 
1.90792 3.64016 0.00847854 
0.312491 0.0976508 2.84769 
1.84434 3.4016 0.0242289 
1.44951 2.10108 0.303038 
1.70106 2.89361 0.089364 
1.17717 1.38572 0.677055 
1.87441 3.51343 0.015772 
0.644852 0.415834 1.83643 
0.547617 0.299884 2.10942 
0.832125 0.692432 1.36393 
0.222353 0.0494411 3.16003 
0.486889 0.237061 2.28951 
0.277674 0.0771029 2.96641 
0.791466 0.626418 1.46055 
1.49232 2.22701 0.257743 
1.95454 3.82021 0.00206689 
0.51263 0.262789 2.21227 
0.706333 0.498906 1.67357 
1.12769 1.27169 0.760918 
1.00786 1.01578 0.984342 
1.40838 1.98352 0.35002 
0.168556 0.0284111 3.35419 
0.853869 0.729093 1.31362 
1.67082 2.79163 0.108362 
0.212225 0.0450395 3.19614 
1.25066 1.56414 0.561515 
0.97325 0.947216 1.05421 
0.443206 0.196432 2.42361 
1.94315 3.77582 0.00323238 
1.22836 1.50888 0.595422 
0.348143 0.121204 2.72863 
0.407163 0.165781 2.53713 
1.99656 3.98626 1.18212e-05 
0.454082 0.20619 2.38986 
0.881457 0.776966 1.25114 
1.08514 1.17754 0.836963 
0.895506 0.801932 1.21991 
0.793329 0.629371 1.45605 
0.947865 0.898449 1.10699 
0.683976 0.467823 1.73192 

4.62527e-05 2.13931e-09 3.99981 
2.00005 4.00021 2.63675e-09 
0.589142 0.347088 1.99052 
1.24871 1.55929 0.564431 
0.507138 0.257189 2.22864 
1.58107 2.49979 0.1755 
1.11569 1.24477 0.781999 
1.52961 2.33971 0.221265 
1.31552 1.7306 0.468509 
0.426515 0.181915 2.47585 
0.873949 0.763787 1.26799 
0.983403 0.967081 1.03347 
0.0851606 0.00725232 3.66661 
1.62348 2.63568 0.14177 
1.4606 2.13335 0.290954 
1.21355 1.47271 0.618498 
1.72243 2.96675 0.0770475 
1.89936 3.60757 0.0101283 
0.675091 0.455748 1.75538 
0.62441 0.389888 1.89225 
1.06299 1.12994 0.877992 
1.83781 3.37755 0.0263055 
0.774059 0.599168 1.50293 
1.68597 2.84249 0.0986166 
0.480454 0.230836 2.30902 
1.65712 2.74606 0.117564 
0.729512 0.532188 1.61414 
1.87581 3.51868 0.0154221 
0.213855 0.0457339 3.19031 
1.15629 1.33701 0.711841 
0.929833 0.864589 1.14526 
1.80697 3.26515 0.0372597 
1.17638 1.38386 0.678355 
0.263585 0.0694769 3.01514 
0.93453 0.873346 1.13523 
1.94694 3.79058 0.00281533 
0.185978 0.0345879 3.29068 
0.658769 0.433977 1.7989 
0.129654 0.0168101 3.4982 
0.162535 0.0264176 3.37628 
0.0412247 0.00169948 3.8368 
0.308881 0.0954076 2.85988 
1.96669 3.86788 0.00110944 
0.737318 0.543637 1.59437 
1.75761 3.08918 0.0587541 
0.0497759 0.00247764 3.80337 
1.4203 2.01724 0.336055 
0.398288 0.158633 2.56548 
0.804843 0.647772 1.4284 
1.77822 3.16205 0.0491885 
1.36147 1.85361 0.407718 
0.848111 0.719293 1.32685 

3.49145e-05 1.21902e-09 3.99986 
1.99999 3.99996 9.3511e-11 
0.731211 0.534669 1.60983 
0.658935 0.434195 1.79846 
0.964205 0.929692 1.07287 
0.784138 0.614873 1.47832 
0.288385 0.0831657 2.92963 
1.54474 2.38622 0.207261 
1.10936 1.23068 0.79324 
1.49698 2.24094 0.253033 
0.227006 0.0515316 3.14351 
0.111692 0.0124751 3.56571 
1.17615 1.38334 0.678723 
0.0362647 0.00131513 3.85626 
1.28227 1.64421 0.515142 
1.92958 3.72326 0.00495955 
1.33202 1.77427 0.4462 
0.514922 0.265144 2.20546 
1.97182 3.88806 0.000794381 
1.464 2.14331 0.287293 
0.563236 0.317234 2.06429 
1.64346 2.70096 0.12712 
1.79266 3.21363 0.0429898 
1.15431 1.33243 0.715189 
1.67005 2.78907 0.108867 
1.07312 1.15158 0.859109 
0.209024 0.0436912 3.20759 
0.161914 0.0262162 3.37856 
1.36565 1.86501 0.402395 
1.23047 1.51407 0.592169 
1.70881 2.92002 0.0847933 
0.333142 0.110984 2.77842 
1.87557 3.51776 0.0154829 
0.91655 0.840065 1.17386 
0.363826 0.13237 2.67706 
1.89965 3.60869 0.0100692 
1.57819 2.49068 0.177925 
0.455843 0.207793 2.38442 
1.83995 3.38542 0.0256158 
0.49196 0.242025 2.27418 
1.42686 2.03593 0.328488 
0.87401 0.763893 1.26785 
1.411 1.99092 0.346923 
1.77238 3.14134 0.0518098 
0.410716 0.168688 2.52582 
0.168838 0.0285061 3.35316 
1.00817 1.01641 0.983727 
0.0748077 0.0055962 3.70637 
1.60198 2.56634 0.15842 
1.74395 3.04137 0.0655597 
0.308521 0.0951854 2.8611 
0.909529 0.827243 1.18913 

1.99994 3.99974 4.0784e-09 
6.56409e-05 4.30873e-09 3.99974 
1.08577 1.1789 0.83581 
1.17909 1.39024 0.673901 
1.94412 3.77962 0.00312214 
1.6945 2.87133 0.0933308 
0.325345 0.105849 2.80447 
0.285251 0.0813682 2.94036 
1.53129 2.34485 0.219688 
0.0160332 0.000257065 3.93612 
0.627986 0.394367 1.88242 
1.37904 1.90176 0.385586 
1.63596 2.67635 0.132528 
1.47537 2.17671 0.27524 
0.676352 0.457452 1.75204 
1.25789 1.58229 0.550728 
1.41671 2.00706 0.340229 
0.0810218 0.00656453 3.68248 
0.177221 0.0314071 3.32253 
0.480626 0.231001 2.3085 
1.73975 3.02673 0.0677296 
1.57074 2.46722 0.184265 
1.89449 3.58908 0.0111332 
1.33033 1.76978 0.448454 
1.2177 1.4828 0.611986 
0.2431 0.0590976 3.0867 
0.941979 0.887324 1.11941 
0.133098 0.0177151 3.48532 
0.436397 0.190443 2.44485 
1.48967 2.21911 0.260439 
1.84329 3.39771 0.0245585 
0.810248 0.656502 1.41551 
0.372379 0.138666 2.64915 
0.085332 0.00728156 3.66595 
0.218053 0.0475471 3.17534 
0.855963 0.732673 1.30882 
1.59291 2.53735 0.165725 
0.600449 0.360539 1.95874 
0.557163 0.310431 2.08178 
0.896194 0.803163 1.21839 
0.836216 0.699258 1.35439 
0.735938 0.541605 1.59785 
1.76229 3.10565 0.0565077 
0.579744 0.336103 2.01713 
1.61998 2.62433 0.144418 
1.80124 3.24446 0.0395067 
1.04214 1.08606 0.917489 
0.981852 0.964034 1.03662 
0.383323 0.146936 2.61364 
0.885936 0.784882 1.24114 
1.0056 1.01124 0.988823 
0.418222 0.17491 2.50202 

2 3.99999 1.57495e-12 
-2.80821e-05 7.88602e-10 4.00011 
0.204905 0.0419862 3.22236 
0.528935 0.279772 2.16403 
0.595234 0.354304 1.97337 
1.49501 2.23506 0.255014 
0.707967 0.501217 1.66935 
0.120513 0.0145234 3.53247 
1.64713 2.71303 0.124518 
0.990829 0.981742 1.01843 
0.952994 0.908197 1.09622 
1.09685 1.20308 0.815677 
0.908922 0.82614 1.19045 
1.89886 3.60569 0.0102285 
0.483089 0.233375 2.30102 
1.93091 3.72841 0.00477371 
0.250359 0.0626795 3.06124 
1.21351 1.47261 0.618567 
1.42612 2.03382 0.329337 
0.315129 0.0993061 2.83879 
0.450769 0.203193 2.40012 
0.382745 0.146493 2.61552 
1.28037 1.63935 0.517865 
0.751007 0.564011 1.55998 
1.97569 3.90337 0.000590787 
0.844067 0.712449 1.33618 
0.804882 0.647836 1.42831 
1.60425 2.57363 0.156615 
1.33098 1.77152 0.447582 
0.87299 0.762111 1.27015 
0.409549 0.16773 2.52954 
1.04425 1.09046 0.913458 
1.52555 2.32731 0.225099 
0.777219 0.604069 1.49519 
1.03604 1.07338 0.929218 
0.662318 0.438665 1.78939 
0.0231197 0.00053452 3.90806 
1.85248 3.43169 0.0217618 
1.25937 1.58602 0.548528 
1.58083 2.49901 0.175707 
0.0662749 0.00439236 3.73929 
0.630588 0.397642 1.87529 
1.18374 1.40125 0.666274 
1.81285 3.28643 0.035025 
1.68802 2.84942 0.0973308 
0.10715 0.011481 3.58288 
1.85115 3.42674 0.0221578 
1.12517 1.26601 0.765324 
1.39105 1.93503 0.370816 
0.281371 0.0791698 2.95368 
1.42007 2.01659 0.336323 
1.55437 2.41607 0.198585 

1.99998 3.99991 5.39393e-10 
-4.77882e-05 2.28372e-09 4.00019 
0.686134 0.470779 1.72624 
1.45183 2.10781 0.300491 
0.608045 0.369719 1.93754 
1.1796 1.39145 0.67306 
0.760316 0.578081 1.53682 
0.182897 0.0334514 3.30186 
1.93167 3.73135 0.00466896 
0.930517 0.865862 1.14379 
0.416937 0.173837 2.50609 
1.49982 2.24945 0.250184 
0.297075 0.0882536 2.89995 
0.718935 0.516868 1.64113 
1.06936 1.14352 0.866099 
1.40181 1.96508 0.357828 
0.986305 0.972797 1.02758 
1.74038 3.02894 0.0674001 
1.97317 3.89339 0.000720031 
1.34658 1.81327 0.426963 
1.89349 3.58529 0.0113454 
1.22848 1.50916 0.595244 
0.871254 0.759083 1.27407 
1.60827 2.58654 0.153452 
1.64406 2.70294 0.126691 
0.223689 0.0500366 3.15528 
0.386532 0.149407 2.60328 
1.24612 1.55282 0.568333 
1.86424 3.4754 0.0184304 
0.349178 0.121926 2.72521 
1.37962 1.90336 0.384869 
0.8059 0.649475 1.42588 
1.31201 1.72138 0.473324 
0.555036 0.308065 2.08792 
0.0491788 0.00241855 3.8057 
0.465458 0.216651 2.35482 
0.0961131 0.00923773 3.62479 
1.82372 3.32594 0.0310756 
1.29039 1.6651 0.503553 
0.510134 0.260236 2.2197 
0.843761 0.711932 1.33689 
0.514093 0.264292 2.20792 
0.00563606 3.17651e-05 3.97749 
0.467652 0.218698 2.34809 
1.67171 2.79462 0.107774 
1.02914 1.05913 0.942571 
0.0447074 0.00199875 3.82317 
0.142049 0.0201779 3.45198 
1.02529 1.05123 0.950051 
1.78249 3.17727 0.0473108 
1.13954 1.29856 0.740388 
1.781 3.17198 0.047959 

-8.09573e-05 6.55408e-09 4.00032 
1.99999 3.99995 1.66915e-10 
1.30577 1.70504 0.481952 
1.68976 2.85527 0.0962518 
0.432078 0.186691 2.45838 
1.79945 3.23801 0.0402218 
1.33898 1.79287 0.436948 
0.508055 0.25812 2.2259 
1.18073 1.39411 0.671211 
1.56648 2.45387 0.187938 
0.987632 0.975417 1.02489 
1.24046 1.53875 0.576898 
1.50107 2.25322 0.248927 
0.944947 0.892924 1.11314 
1.45513 2.11742 0.296878 
0.638156 0.407243 1.85462 
0.559324 0.312844 2.07555 
0.0646258 0.00417649 3.74567 
1.84399 3.40028 0.0243404 
0.231514 0.0535987 3.12754 
0.149705 0.0224116 3.42359 
1.39897 1.95712 0.361236 
0.287911 0.0828927 2.93125 
0.0230586 0.000531701 3.9083 
1.64957 2.7211 0.122798 
1.0875 1.18266 0.832653 
1.22641 1.50409 0.598435 
0.753476 0.567726 1.55382 
1.74517 3.04561 0.0649396 
1.86733 3.48692 0.0176018 
0.11624 0.0135118 3.54855 
1.7491 3.05936 0.0629494 
1.12829 1.27303 0.759883 
1.14091 1.30167 0.738039 
0.522955 0.273482 2.18166 
0.86739 0.752366 1.2828 
1.41907 2.01375 0.337484 
1.96491 3.86086 0.00123159 
0.376579 0.141811 2.6355 
1.90859 3.64272 0.0083556 
0.296509 0.0879179 2.90188 
1.4912 2.22368 0.258878 
1.02831 1.05742 0.944186 
0.78183 0.611258 1.48394 
0.91271 0.833039 1.1822 
0.603227 0.363883 1.95097 
0.336422 0.11318 2.76749 
0.182429 0.0332803 3.30357 
1.90279 3.62062 0.00944902 
1.94959 3.8009 0.0025413 
0.220391 0.048572 3.16701 
0.831323 0.691099 1.36581 

2.00001 4.00003 7.10083e-11 
-2.34383e-06 5.49355e-12 4.00001 
1.10754 1.22665 0.796479 
1.18909 1.41394 0.657568 
1.67722 2.81308 0.104184 
1.42995 2.04476 0.324955 
1.89198 3.57959 0.0116684 
1.80016 3.24057 0.0399367 
0.256216 0.0656466 3.04078 
0.112539 0.0126651 3.56251 
0.980325 0.961038 1.03974 
1.60245 2.56783 0.158049 
1.35632 1.83959 0.414329 
1.71817 2.9521 0.0794292 
0.212308 0.0450747 3.19584 
1.06985 1.14457 0.865186 
0.060265 0.00363186 3.76257 
1.28909 1.66176 0.505388 
0.305997 0.0936342 2.86965 
0.867532 0.752612 1.28248 
0.495192 0.245215 2.26445 
1.96907 3.87723 0.000956706 
0.143957 0.0207236 3.4449 
1.93433 3.74162 0.00431293 
1.32662 1.75993 0.453434 
0.700612 0.490858 1.68841 
0.939835 0.883289 1.12395 
0.645126 0.416187 1.83568 
0.385617 0.148701 2.60623 
1.50811 2.2744 0.241954 
1.02341 1.04737 0.953726 
0.817099 0.667651 1.39925 
1.5265 2.33021 0.224201 
0.828157 0.685845 1.37322 
1.22505 1.50074 0.600552 
0.775002 0.600629 1.50062 
1.25556 1.57643 0.55419 
1.75206 3.06971 0.0614749 
1.03492 1.07106 0.931377 
0.727648 0.529472 1.61888 
0.452361 0.20463 2.39519 
1.90714 3.6372 0.00862221 
0.521176 0.271624 2.18692 
0.744804 0.554734 1.57552 
0.60618 0.367454 1.94273 
0.587409 0.34505 1.99541 
1.46954 2.15955 0.281387 
0.361056 0.130362 2.68614 
1.59428 2.54173 0.164608 
0.898519 0.807336 1.21326 
0.326861 0.106838 2.7994 
1.76479 3.11449 0.0553223 

2.00005 4.00018 2.04032e-09 
4.24962e-05 1.80593e-09 3.99983 
0.684496 0.468535 1.73055 
0.552941 0.305743 2.09398 
0.474013 0.224689 2.32864 
1.50432 2.26298 0.245697 
1.03453 1.07025 0.932131 
0.999241 0.998483 1.00152 
0.615693 0.379078 1.9163 
1.3124 1.72239 0.472793 
1.88715 3.56133 0.0127352 
0.941072 0.885616 1.12133 
0.763028 0.582212 1.5301 
1.96049 3.84352 0.00156109 
0.437757 0.191631 2.4406 
1.18837 1.41222 0.658747 
1.92357 3.70014 0.00584091 
1.43908 2.07094 0.314634 
1.35118 1.8257 0.420963 
1.84518 3.40468 0.0239702 
1.72265 2.96753 0.0769224 
0.0626464 0.00392457 3.75334 
1.09389 1.19659 0.821037 
1.81897 3.30865 0.0327722 
0.213858 0.0457351 3.1903 
0.816101 0.66602 1.40162 
1.22463 1.49972 0.6012 
0.156583 0.0245182 3.39819 
1.14907 1.32037 0.724078 
1.77006 3.1331 0.0528744 
0.102373 0.0104803 3.60099 
0.162924 0.0265441 3.37485 
0.398164 0.158535 2.56588 
0.737959 0.544584 1.59275 
0.863145 0.74502 1.29244 
0.0302431 0.000914642 3.87994 
1.12792 1.2722 0.760524 
1.2716 1.61695 0.530574 
0.824451 0.67972 1.38191 
1.70313 2.90064 0.0881337 
1.41787 2.01034 0.33888 
1.54362 2.38278 0.208279 
0.590319 0.348476 1.9872 
1.57359 2.47618 0.181827 
1.6127 2.6008 0.150001 
1.58829 2.52268 0.169503 
1.7833 3.18014 0.046961 
0.38097 0.145138 2.62126 
0.312563 0.0976957 2.84744 
1.38203 1.91001 0.381888 
1.38727 1.92452 0.375437 
0.0945705 0.00894357 3.63066 

-8.45037e-06 7.14087e-11 4.00003 
2.00006 4.00024 3.60298e-09 
1.66054 2.75738 0.115236 
1.54517 2.38754 0.206874 
1.39128 1.93565 0.370543 
0.820588 0.673365 1.39101 
0.14089 0.0198501 3.45629 
0.692597 0.47969 1.7093 
1.45781 2.12521 0.293969 
0.49623 0.246244 2.26132 
0.915824 0.838734 1.17544 
1.85227 3.4309 0.0218248 
0.552738 0.30552 2.09457 
1.04411 1.09017 0.913719 
0.758109 0.57473 1.54229 
0.0772717 0.00597092 3.69688 
0.963414 0.928166 1.07451 
0.750511 0.563266 1.56122 
0.469214 0.220162 2.3433 
1.08662 1.18073 0.834272 
1.90347 3.62318 0.00931872 
1.80238 3.24856 0.0390548 
0.348699 0.121591 2.7268 
0.180407 0.0325467 3.31092 
0.200676 0.0402709 3.23757 
0.431068 0.18582 2.46155 
1.93986 3.76304 0.00361726 
0.321627 0.103444 2.81693 
1.35208 1.82811 0.419805 
0.384568 0.147893 2.60962 
0.618999 0.38316 1.90716 
1.87591 3.51905 0.0153973 
0.250513 0.0627567 3.06071 
0.0493886 0.00243923 3.80488 
0.592303 0.350823 1.98161 
1.48001 2.19042 0.270394 
0.886469 0.785828 1.23995 
0.239859 0.0575323 3.0981 
0.022215 0.000493505 3.91163 
1.70021 2.89071 0.0898744 
0.650207 0.42277 1.82194 
1.73935 3.02535 0.0679365 
1.26585 1.60239 0.53897 
1.15698 1.3386 0.710684 
0.862834 0.744482 1.29315 
0.981377 0.963102 1.03759 
0.290855 0.0845968 2.92118 
1.18044 1.39344 0.671678 
1.9794 3.91801 0.000424536 
1.31695 1.73437 0.466553 
1.13445 1.28698 0.749171 
1.23282 1.51984 0.588571 

1.99998 3.99993 3.42875e-10 
5.94563e-05 3.53505e-09 3.99976 
1.37156 1.88119 0.394933 
1.27559 1.62714 0.524763 
1.8067 3.26415 0.0373662 
1.73708 3.01746 0.0691253 
0.603055 0.363676 1.95145 
1.65207 2.72932 0.121059 
0.736311 0.542154 1.59691 
1.50495 2.26486 0.245078 
1.57025 2.46569 0.184684 
1.57936 2.49437 0.176939 
1.90792 3.64016 0.00847854 
0.312491 0.0976508 2.84769 
1.84434 3.4016 0.0242289 
1.44951 2.10108 0.303038 
1.70106 2.89361 0.089364 
1.17717 1.38572 0.677055 
1.87441 3.51343 0.015772 
0.644852 0.415834 1.83643 
0.547617 0.299884 2.10942 
0.832125 0.692432 1.36393 
0.222353 0.0494411 3.16003 
0.486889 0.237061 2.28951 
0.277674 0.0771029 2.96641 
0.791466 0.626418 1.46055 
1.49232 2.22701 0.257743 
1.95454 3.82021 0.00206689 
0.51263 0.262789 2.21227 
0.706333 0.498906 1.67357 
1.12769 1.27169 0.760918 
1.00786 1.01578 0.984342 
1.40838 1.98352 0.35002 
0.168556 0.0284111 3.35419 
0.853869 0.729093 1.31362 
1.67082 2.79163 0.108362 
0.212225 0.0450395 3.19614 
1.25066 1.56414 0.561515 
0.97325 0.947216 1.05421 
0.443206 0.196432 2.42361 
1.94315 3.77582 0.00323238 
1.22836 1.50888 0.595422 
0.348143 0.121204 2.72863 
0.407163 0.165781 2.53713 
1.99656 3.98626 1.18212e-05 
0.454082 0.20619 2.38986 
0.881457 0.776966 1.25114 
1.08514 1.17754 0.836963 
0.895506 0.801932 1.21991 
0.793329 0.629371 1.45605 
0.947865 0.898449 1.10699 
0.683976 0.467823 1.73192 

2.71579 7.37553 0.51236 
2.96304 8.77962 0.92745 
-4.12765 17.0375 37.5481 
5.4853 30.0885 12.1473 

