-0.060051 0.687497 -2.28498 -13974.4 -3062.83 
-2.02868 -0.510198 -0.998302 -12921.7 -4354.77 
-0.886692 -1.01219 -0.287024 -13388.9 -3711.79 
-1.59894 0.388027 0.102612 -12985.7 -4284.99 
-1.23381 -0.562636 0.408419 -13077 -4108.74 
-0.523789 -0.961165 0.619659 -13586.5 -3410.26 
-1.63916 -2.02109 -1.05794 -13727.4 -3327.03 
-0.959084 0.397478 0.092404 -13295.1 -3849.04 
-1.81057 0.00747941 -0.930756 -13522.8 -3676.56 
-1.83558 -1.12105 0.32889 -13533.7 -3451.78 
-1.87707 -1.33976 -0.689145 -13846.7 -3263.13 
0.351888 -2.96258 -1.0891 -13925.3 -3150.28 
-2.02012 -1.20001 -1.02046 -13128.5 -3997.86 
-1.21712 0.411913 -0.987764 -13245.6 -3872.7 
-1.94608 -0.0368745 -0.275556 -13434.4 -3692.57 
-1.13623 -0.506629 0.445919 -13081.2 -4103.76 
-1.31991 -1.22361 0.441529 -13775.4 -3316.8 
-2.07725 0.279574 -0.930756 -13507.1 -3680.52 
-1.31941 0.120197 -0.504826 -13832.5 -3272.19 
-1.65355 -0.502329 -0.0700029 -13199.5 -3911.25 
0.28796 -1.20026 -1.01232 -13582 -3446.43 
-1.18714 -0.625139 -0.400263 -13962.7 -3110.27 
-0.969017 -0.424382 -0.0919425 -13295 -3849.8 
-1.8887 -0.395935 0.69421 -13132.1 -3983.11 
-1.19087 0.175975 0.00109209 -12952.9 -4295.11 
0.351888 -0.0902429 -1.09185 -13938.3 -3147.13 
-1.19787 -1.14439 -0.452648 -13171.8 -3929.29 
-2.35876 0.154752 -0.777691 -13163.4 -3956.44 
0.11453 -1.30966 0.576163 -13534.5 -3451.53 
-1.81342 -0.835344 0.616157 -12936.6 -4335.33 
0.298026 -1.26001 -2.4537 -13969.8 -3085.6 
-1.81263 -0.257735 -0.0817342 -12969.3 -4291.43 
-0.299853 0.215169 -1.38923 -13750.6 -3324.49 
-2.37604 0.128084 -0.489774 -13163.9 -3956.14 
0.0219094 -1.08082 -1.39472 -13197.6 -3925.54 
-1.81342 -0.836239 0.616157 -12921.7 -4338.46 
0.184473 -0.574728 -1.39229 -13749.5 -3325.46 
-1.31941 0.120197 -0.217228 -13833 -3271.89 
0.490156 1.56179 -3.14008 -13970.7 -3066.22 
-2.11517 0.00477857 -1.21415 -13522 -3678.92 
-1.8164 0.169849 1.56312 -12936 -4336.86 
0.351888 -0.975272 -1.36643 -13929.7 -3149.63 
-1.02526 -1.18079 -0.227332 -13198.5 -3924.7 
-0.060051 0.686452 -3.14008 -13972.5 -3063.27 
-1.3456 1.07123 -3.10635 -13970.8 -3059.17 
-1.25157 -0.764482 -0.898145 -12907.5 -4348.86 
-1.81057 0.00477857 -0.930756 -13507.6 -3677.23 
-0.523789 -0.556864 0.619659 -13570.5 -3409.09 
0.11453 -1.10333 0.576163 -13519.3 -3450.65 
-1.75234 -0.277751 1.39183 -12982.7 -4274.93 
0.351888 -2.96258 -1.0891 -13914.4 -3145.76 
-1.23381 -1.31521 -2.26459 -13073.6 -4105.88 

